p cnf 1000 4837
22343  0
23143  0
24543  0
21135  0
22235  0
24435  0
-21131 -21132  0
-21131 -21133  0
-21131 -21134  0
-21131 -21135  0
-21132 -21133  0
-21132 -21134  0
-21132 -21135  0
-21133 -21134  0
-21133 -21135  0
-21134 -21135  0
-21211 -21212  0
-21211 -21213  0
-21211 -21214  0
-21211 -21215  0
-21212 -21213  0
-21212 -21214  0
-21212 -21215  0
-21213 -21214  0
-21213 -21215  0
-21214 -21215  0
-21321 -21322  0
-21321 -21323  0
-21321 -21324  0
-21321 -21325  0
-21322 -21323  0
-21322 -21324  0
-21322 -21325  0
-21323 -21324  0
-21323 -21325  0
-21324 -21325  0
-21481 -21482  0
-21481 -21483  0
-21481 -21484  0
-21481 -21485  0
-21482 -21483  0
-21482 -21484  0
-21482 -21485  0
-21483 -21484  0
-21483 -21485  0
-21484 -21485  0
-21571 -21572  0
-21571 -21573  0
-21571 -21574  0
-21571 -21575  0
-21572 -21573  0
-21572 -21574  0
-21572 -21575  0
-21573 -21574  0
-21573 -21575  0
-21574 -21575  0
-22111 -22112  0
-22111 -22113  0
-22111 -22114  0
-22111 -22115  0
-22112 -22113  0
-22112 -22114  0
-22112 -22115  0
-22113 -22114  0
-22113 -22115  0
-22114 -22115  0
-22231 -22232  0
-22231 -22233  0
-22231 -22234  0
-22231 -22235  0
-22232 -22233  0
-22232 -22234  0
-22232 -22235  0
-22233 -22234  0
-22233 -22235  0
-22234 -22235  0
-22341 -22342  0
-22341 -22343  0
-22341 -22344  0
-22341 -22345  0
-22342 -22343  0
-22342 -22344  0
-22342 -22345  0
-22343 -22344  0
-22343 -22345  0
-22344 -22345  0
-22451 -22452  0
-22451 -22453  0
-22451 -22454  0
-22451 -22455  0
-22452 -22453  0
-22452 -22454  0
-22452 -22455  0
-22453 -22454  0
-22453 -22455  0
-22454 -22455  0
-22561 -22562  0
-22561 -22563  0
-22561 -22564  0
-22561 -22565  0
-22562 -22563  0
-22562 -22564  0
-22562 -22565  0
-22563 -22564  0
-22563 -22565  0
-22564 -22565  0
-23141 -23142  0
-23141 -23143  0
-23141 -23144  0
-23141 -23145  0
-23142 -23143  0
-23142 -23144  0
-23142 -23145  0
-23143 -23144  0
-23143 -23145  0
-23144 -23145  0
-23211 -23212  0
-23211 -23213  0
-23211 -23214  0
-23211 -23215  0
-23212 -23213  0
-23212 -23214  0
-23212 -23215  0
-23213 -23214  0
-23213 -23215  0
-23214 -23215  0
-23321 -23322  0
-23321 -23323  0
-23321 -23324  0
-23321 -23325  0
-23322 -23323  0
-23322 -23324  0
-23322 -23325  0
-23323 -23324  0
-23323 -23325  0
-23324 -23325  0
-23451 -23452  0
-23451 -23453  0
-23451 -23454  0
-23451 -23455  0
-23452 -23453  0
-23452 -23454  0
-23452 -23455  0
-23453 -23454  0
-23453 -23455  0
-23454 -23455  0
-23561 -23562  0
-23561 -23563  0
-23561 -23564  0
-23561 -23565  0
-23562 -23563  0
-23562 -23564  0
-23562 -23565  0
-23563 -23564  0
-23563 -23565  0
-23564 -23565  0
-24121 -24122  0
-24121 -24123  0
-24121 -24124  0
-24121 -24125  0
-24122 -24123  0
-24122 -24124  0
-24122 -24125  0
-24123 -24124  0
-24123 -24125  0
-24124 -24125  0
-24271 -24272  0
-24271 -24273  0
-24271 -24274  0
-24271 -24275  0
-24272 -24273  0
-24272 -24274  0
-24272 -24275  0
-24273 -24274  0
-24273 -24275  0
-24274 -24275  0
-24381 -24382  0
-24381 -24383  0
-24381 -24384  0
-24381 -24385  0
-24382 -24383  0
-24382 -24384  0
-24382 -24385  0
-24383 -24384  0
-24383 -24385  0
-24384 -24385  0
-24431 -24432  0
-24431 -24433  0
-24431 -24434  0
-24431 -24435  0
-24432 -24433  0
-24432 -24434  0
-24432 -24435  0
-24433 -24434  0
-24433 -24435  0
-24434 -24435  0
-24541 -24542  0
-24541 -24543  0
-24541 -24544  0
-24541 -24545  0
-24542 -24543  0
-24542 -24544  0
-24542 -24545  0
-24543 -24544  0
-24543 -24545  0
-24544 -24545  0
-25111 -25112  0
-25111 -25113  0
-25111 -25114  0
-25111 -25115  0
-25112 -25113  0
-25112 -25114  0
-25112 -25115  0
-25113 -25114  0
-25113 -25115  0
-25114 -25115  0
-25271 -25272  0
-25271 -25273  0
-25271 -25274  0
-25271 -25275  0
-25272 -25273  0
-25272 -25274  0
-25272 -25275  0
-25273 -25274  0
-25273 -25275  0
-25274 -25275  0
-25381 -25382  0
-25381 -25383  0
-25381 -25384  0
-25381 -25385  0
-25382 -25383  0
-25382 -25384  0
-25382 -25385  0
-25383 -25384  0
-25383 -25385  0
-25384 -25385  0
-25461 -25462  0
-25461 -25463  0
-25461 -25464  0
-25461 -25465  0
-25462 -25463  0
-25462 -25464  0
-25462 -25465  0
-25463 -25464  0
-25463 -25465  0
-25464 -25465  0
-25551 -25552  0
-25551 -25553  0
-25551 -25554  0
-25551 -25555  0
-25552 -25553  0
-25552 -25554  0
-25552 -25555  0
-25553 -25554  0
-25553 -25555  0
-25554 -25555  0
21211 21321 21131 22341 22451 22561 21571 21481  0
21212 21322 21132 22342 22452 22562 21572 21482  0
21213 21323 21133 22343 22453 22563 21573 21483  0
21214 21324 21134 22344 22454 22564 21574 21484  0
21215 21325 21135 22345 22455 22565 21575 21485  0
21216 21326 21136 22346 22456 22566 21576 21486  0
21217 21327 21137 22347 22457 22567 21577 21487  0
21218 21328 21138 22348 22458 22568 21578 21488  0
-21211 22111  0
-21211 23211  0
-21211 25111  0
-22111 21211  0
-22111 23211  0
-22111 25111  0
-23211 21211  0
-23211 22111  0
-23211 25111  0
-25111 21211  0
-25111 22111  0
-25111 23211  0
-21212 22112  0
-21212 23212  0
-21212 25112  0
-22112 21212  0
-22112 23212  0
-22112 25112  0
-23212 21212  0
-23212 22112  0
-23212 25112  0
-25112 21212  0
-25112 22112  0
-25112 23212  0
-21213 22113  0
-21213 23213  0
-21213 25113  0
-22113 21213  0
-22113 23213  0
-22113 25113  0
-23213 21213  0
-23213 22113  0
-23213 25113  0
-25113 21213  0
-25113 22113  0
-25113 23213  0
-21214 22114  0
-21214 23214  0
-21214 25114  0
-22114 21214  0
-22114 23214  0
-22114 25114  0
-23214 21214  0
-23214 22114  0
-23214 25114  0
-25114 21214  0
-25114 22114  0
-25114 23214  0
-21215 22115  0
-21215 23215  0
-21215 25115  0
-22115 21215  0
-22115 23215  0
-22115 25115  0
-23215 21215  0
-23215 22115  0
-23215 25115  0
-25115 21215  0
-25115 22115  0
-25115 23215  0
-21216 22116  0
-21216 23216  0
-21216 25116  0
-22116 21216  0
-22116 23216  0
-22116 25116  0
-23216 21216  0
-23216 22116  0
-23216 25116  0
-25116 21216  0
-25116 22116  0
-25116 23216  0
-21217 22117  0
-21217 23217  0
-21217 25117  0
-22117 21217  0
-22117 23217  0
-22117 25117  0
-23217 21217  0
-23217 22117  0
-23217 25117  0
-25117 21217  0
-25117 22117  0
-25117 23217  0
-21218 22118  0
-21218 23218  0
-21218 25118  0
-22118 21218  0
-22118 23218  0
-22118 25118  0
-23218 21218  0
-23218 22118  0
-23218 25118  0
-25118 21218  0
-25118 22118  0
-25118 23218  0
-21321 23321  0
-21321 24121  0
-23321 21321  0
-23321 24121  0
-24121 21321  0
-24121 23321  0
-21322 23322  0
-21322 24122  0
-23322 21322  0
-23322 24122  0
-24122 21322  0
-24122 23322  0
-21323 23323  0
-21323 24123  0
-23323 21323  0
-23323 24123  0
-24123 21323  0
-24123 23323  0
-21324 23324  0
-21324 24124  0
-23324 21324  0
-23324 24124  0
-24124 21324  0
-24124 23324  0
-21325 23325  0
-21325 24125  0
-23325 21325  0
-23325 24125  0
-24125 21325  0
-24125 23325  0
-21326 23326  0
-21326 24126  0
-23326 21326  0
-23326 24126  0
-24126 21326  0
-24126 23326  0
-21327 23327  0
-21327 24127  0
-23327 21327  0
-23327 24127  0
-24127 21327  0
-24127 23327  0
-21328 23328  0
-21328 24128  0
-23328 21328  0
-23328 24128  0
-24128 21328  0
-24128 23328  0
-21131 22231  0
-21131 24431  0
-22231 21131  0
-22231 24431  0
-24431 21131  0
-24431 22231  0
-21132 22232  0
-21132 24432  0
-22232 21132  0
-22232 24432  0
-24432 21132  0
-24432 22232  0
-21133 22233  0
-21133 24433  0
-22233 21133  0
-22233 24433  0
-24433 21133  0
-24433 22233  0
-21134 22234  0
-21134 24434  0
-22234 21134  0
-22234 24434  0
-24434 21134  0
-24434 22234  0
-21135 22235  0
-21135 24435  0
-22235 21135  0
-22235 24435  0
-24435 21135  0
-24435 22235  0
-21136 22236  0
-21136 24436  0
-22236 21136  0
-22236 24436  0
-24436 21136  0
-24436 22236  0
-21137 22237  0
-21137 24437  0
-22237 21137  0
-22237 24437  0
-24437 21137  0
-24437 22237  0
-21138 22238  0
-21138 24438  0
-22238 21138  0
-22238 24438  0
-24438 21138  0
-24438 22238  0
-22341 23141  0
-22341 24541  0
-23141 22341  0
-23141 24541  0
-24541 22341  0
-24541 23141  0
-22342 23142  0
-22342 24542  0
-23142 22342  0
-23142 24542  0
-24542 22342  0
-24542 23142  0
-22343 23143  0
-22343 24543  0
-23143 22343  0
-23143 24543  0
-24543 22343  0
-24543 23143  0
-22344 23144  0
-22344 24544  0
-23144 22344  0
-23144 24544  0
-24544 22344  0
-24544 23144  0
-22345 23145  0
-22345 24545  0
-23145 22345  0
-23145 24545  0
-24545 22345  0
-24545 23145  0
-22346 23146  0
-22346 24546  0
-23146 22346  0
-23146 24546  0
-24546 22346  0
-24546 23146  0
-22347 23147  0
-22347 24547  0
-23147 22347  0
-23147 24547  0
-24547 22347  0
-24547 23147  0
-22348 23148  0
-22348 24548  0
-23148 22348  0
-23148 24548  0
-24548 22348  0
-24548 23148  0
-22451 23451  0
-22451 25551  0
-23451 22451  0
-23451 25551  0
-25551 22451  0
-25551 23451  0
-22452 23452  0
-22452 25552  0
-23452 22452  0
-23452 25552  0
-25552 22452  0
-25552 23452  0
-22453 23453  0
-22453 25553  0
-23453 22453  0
-23453 25553  0
-25553 22453  0
-25553 23453  0
-22454 23454  0
-22454 25554  0
-23454 22454  0
-23454 25554  0
-25554 22454  0
-25554 23454  0
-22455 23455  0
-22455 25555  0
-23455 22455  0
-23455 25555  0
-25555 22455  0
-25555 23455  0
-22456 23456  0
-22456 25556  0
-23456 22456  0
-23456 25556  0
-25556 22456  0
-25556 23456  0
-22457 23457  0
-22457 25557  0
-23457 22457  0
-23457 25557  0
-25557 22457  0
-25557 23457  0
-22458 23458  0
-22458 25558  0
-23458 22458  0
-23458 25558  0
-25558 22458  0
-25558 23458  0
-22561 23561  0
-22561 25461  0
-23561 22561  0
-23561 25461  0
-25461 22561  0
-25461 23561  0
-22562 23562  0
-22562 25462  0
-23562 22562  0
-23562 25462  0
-25462 22562  0
-25462 23562  0
-22563 23563  0
-22563 25463  0
-23563 22563  0
-23563 25463  0
-25463 22563  0
-25463 23563  0
-22564 23564  0
-22564 25464  0
-23564 22564  0
-23564 25464  0
-25464 22564  0
-25464 23564  0
-22565 23565  0
-22565 25465  0
-23565 22565  0
-23565 25465  0
-25465 22565  0
-25465 23565  0
-22566 23566  0
-22566 25466  0
-23566 22566  0
-23566 25466  0
-25466 22566  0
-25466 23566  0
-22567 23567  0
-22567 25467  0
-23567 22567  0
-23567 25467  0
-25467 22567  0
-25467 23567  0
-22568 23568  0
-22568 25468  0
-23568 22568  0
-23568 25468  0
-25468 22568  0
-25468 23568  0
-21571 24271  0
-21571 25271  0
-24271 21571  0
-24271 25271  0
-25271 21571  0
-25271 24271  0
-21572 24272  0
-21572 25272  0
-24272 21572  0
-24272 25272  0
-25272 21572  0
-25272 24272  0
-21573 24273  0
-21573 25273  0
-24273 21573  0
-24273 25273  0
-25273 21573  0
-25273 24273  0
-21574 24274  0
-21574 25274  0
-24274 21574  0
-24274 25274  0
-25274 21574  0
-25274 24274  0
-21575 24275  0
-21575 25275  0
-24275 21575  0
-24275 25275  0
-25275 21575  0
-25275 24275  0
-21576 24276  0
-21576 25276  0
-24276 21576  0
-24276 25276  0
-25276 21576  0
-25276 24276  0
-21577 24277  0
-21577 25277  0
-24277 21577  0
-24277 25277  0
-25277 21577  0
-25277 24277  0
-21578 24278  0
-21578 25278  0
-24278 21578  0
-24278 25278  0
-25278 21578  0
-25278 24278  0
-21481 24381  0
-21481 25381  0
-24381 21481  0
-24381 25381  0
-25381 21481  0
-25381 24381  0
-21482 24382  0
-21482 25382  0
-24382 21482  0
-24382 25382  0
-25382 21482  0
-25382 24382  0
-21483 24383  0
-21483 25383  0
-24383 21483  0
-24383 25383  0
-25383 21483  0
-25383 24383  0
-21484 24384  0
-21484 25384  0
-24384 21484  0
-24384 25384  0
-25384 21484  0
-25384 24384  0
-21485 24385  0
-21485 25385  0
-24385 21485  0
-24385 25385  0
-25385 21485  0
-25385 24385  0
-21486 24386  0
-21486 25386  0
-24386 21486  0
-24386 25386  0
-25386 21486  0
-25386 24386  0
-21487 24387  0
-21487 25387  0
-24387 21487  0
-24387 25387  0
-25387 21487  0
-25387 24387  0
-21488 24388  0
-21488 25388  0
-24388 21488  0
-24388 25388  0
-25388 21488  0
-25388 24388  0
-21211 -21321  0
-21211 -21131  0
-21211 -22341  0
-21211 -22451  0
-21211 -22561  0
-21211 -21571  0
-21211 -21481  0
-21321 -21131  0
-21321 -22341  0
-21321 -22451  0
-21321 -22561  0
-21321 -21571  0
-21321 -21481  0
-21131 -22341  0
-21131 -22451  0
-21131 -22561  0
-21131 -21571  0
-21131 -21481  0
-22341 -22451  0
-22341 -22561  0
-22341 -21571  0
-22341 -21481  0
-22451 -22561  0
-22451 -21571  0
-22451 -21481  0
-22561 -21571  0
-22561 -21481  0
-21571 -21481  0
-21212 -21322  0
-21212 -21132  0
-21212 -22342  0
-21212 -22452  0
-21212 -22562  0
-21212 -21572  0
-21212 -21482  0
-21322 -21132  0
-21322 -22342  0
-21322 -22452  0
-21322 -22562  0
-21322 -21572  0
-21322 -21482  0
-21132 -22342  0
-21132 -22452  0
-21132 -22562  0
-21132 -21572  0
-21132 -21482  0
-22342 -22452  0
-22342 -22562  0
-22342 -21572  0
-22342 -21482  0
-22452 -22562  0
-22452 -21572  0
-22452 -21482  0
-22562 -21572  0
-22562 -21482  0
-21572 -21482  0
-21213 -21323  0
-21213 -21133  0
-21213 -22343  0
-21213 -22453  0
-21213 -22563  0
-21213 -21573  0
-21213 -21483  0
-21323 -21133  0
-21323 -22343  0
-21323 -22453  0
-21323 -22563  0
-21323 -21573  0
-21323 -21483  0
-21133 -22343  0
-21133 -22453  0
-21133 -22563  0
-21133 -21573  0
-21133 -21483  0
-22343 -22453  0
-22343 -22563  0
-22343 -21573  0
-22343 -21483  0
-22453 -22563  0
-22453 -21573  0
-22453 -21483  0
-22563 -21573  0
-22563 -21483  0
-21573 -21483  0
-21214 -21324  0
-21214 -21134  0
-21214 -22344  0
-21214 -22454  0
-21214 -22564  0
-21214 -21574  0
-21214 -21484  0
-21324 -21134  0
-21324 -22344  0
-21324 -22454  0
-21324 -22564  0
-21324 -21574  0
-21324 -21484  0
-21134 -22344  0
-21134 -22454  0
-21134 -22564  0
-21134 -21574  0
-21134 -21484  0
-22344 -22454  0
-22344 -22564  0
-22344 -21574  0
-22344 -21484  0
-22454 -22564  0
-22454 -21574  0
-22454 -21484  0
-22564 -21574  0
-22564 -21484  0
-21574 -21484  0
-21215 -21325  0
-21215 -21135  0
-21215 -22345  0
-21215 -22455  0
-21215 -22565  0
-21215 -21575  0
-21215 -21485  0
-21325 -21135  0
-21325 -22345  0
-21325 -22455  0
-21325 -22565  0
-21325 -21575  0
-21325 -21485  0
-21135 -22345  0
-21135 -22455  0
-21135 -22565  0
-21135 -21575  0
-21135 -21485  0
-22345 -22455  0
-22345 -22565  0
-22345 -21575  0
-22345 -21485  0
-22455 -22565  0
-22455 -21575  0
-22455 -21485  0
-22565 -21575  0
-22565 -21485  0
-21575 -21485  0
-21216 -21326  0
-21216 -21136  0
-21216 -22346  0
-21216 -22456  0
-21216 -22566  0
-21216 -21576  0
-21216 -21486  0
-21326 -21136  0
-21326 -22346  0
-21326 -22456  0
-21326 -22566  0
-21326 -21576  0
-21326 -21486  0
-21136 -22346  0
-21136 -22456  0
-21136 -22566  0
-21136 -21576  0
-21136 -21486  0
-22346 -22456  0
-22346 -22566  0
-22346 -21576  0
-22346 -21486  0
-22456 -22566  0
-22456 -21576  0
-22456 -21486  0
-22566 -21576  0
-22566 -21486  0
-21576 -21486  0
-21217 -21327  0
-21217 -21137  0
-21217 -22347  0
-21217 -22457  0
-21217 -22567  0
-21217 -21577  0
-21217 -21487  0
-21327 -21137  0
-21327 -22347  0
-21327 -22457  0
-21327 -22567  0
-21327 -21577  0
-21327 -21487  0
-21137 -22347  0
-21137 -22457  0
-21137 -22567  0
-21137 -21577  0
-21137 -21487  0
-22347 -22457  0
-22347 -22567  0
-22347 -21577  0
-22347 -21487  0
-22457 -22567  0
-22457 -21577  0
-22457 -21487  0
-22567 -21577  0
-22567 -21487  0
-21577 -21487  0
-21218 -21328  0
-21218 -21138  0
-21218 -22348  0
-21218 -22458  0
-21218 -22568  0
-21218 -21578  0
-21218 -21488  0
-21328 -21138  0
-21328 -22348  0
-21328 -22458  0
-21328 -22568  0
-21328 -21578  0
-21328 -21488  0
-21138 -22348  0
-21138 -22458  0
-21138 -22568  0
-21138 -21578  0
-21138 -21488  0
-22348 -22458  0
-22348 -22568  0
-22348 -21578  0
-22348 -21488  0
-22458 -22568  0
-22458 -21578  0
-22458 -21488  0
-22568 -21578  0
-22568 -21488  0
-21578 -21488  0
-21136 -21131  0
-21136 -21132  0
-21136 -21133  0
-21136 -21134  0
-21136 -21135  0
-21137 -21131  0
-21137 -21132  0
-21137 -21133  0
-21137 -21134  0
-21137 -21135  0
-21138 -21131  0
-21138 -21132  0
-21138 -21133  0
-21138 -21134  0
-21138 -21135  0
-21216 -21211  0
-21216 -21212  0
-21216 -21213  0
-21216 -21214  0
-21216 -21215  0
-21217 -21211  0
-21217 -21212  0
-21217 -21213  0
-21217 -21214  0
-21217 -21215  0
-21218 -21211  0
-21218 -21212  0
-21218 -21213  0
-21218 -21214  0
-21218 -21215  0
-21326 -21321  0
-21326 -21322  0
-21326 -21323  0
-21326 -21324  0
-21326 -21325  0
-21327 -21321  0
-21327 -21322  0
-21327 -21323  0
-21327 -21324  0
-21327 -21325  0
-21328 -21321  0
-21328 -21322  0
-21328 -21323  0
-21328 -21324  0
-21328 -21325  0
-21486 -21481  0
-21486 -21482  0
-21486 -21483  0
-21486 -21484  0
-21486 -21485  0
-21487 -21481  0
-21487 -21482  0
-21487 -21483  0
-21487 -21484  0
-21487 -21485  0
-21488 -21481  0
-21488 -21482  0
-21488 -21483  0
-21488 -21484  0
-21488 -21485  0
-21576 -21571  0
-21576 -21572  0
-21576 -21573  0
-21576 -21574  0
-21576 -21575  0
-21577 -21571  0
-21577 -21572  0
-21577 -21573  0
-21577 -21574  0
-21577 -21575  0
-21578 -21571  0
-21578 -21572  0
-21578 -21573  0
-21578 -21574  0
-21578 -21575  0
-22116 -22111  0
-22116 -22112  0
-22116 -22113  0
-22116 -22114  0
-22116 -22115  0
-22117 -22111  0
-22117 -22112  0
-22117 -22113  0
-22117 -22114  0
-22117 -22115  0
-22118 -22111  0
-22118 -22112  0
-22118 -22113  0
-22118 -22114  0
-22118 -22115  0
-22236 -22231  0
-22236 -22232  0
-22236 -22233  0
-22236 -22234  0
-22236 -22235  0
-22237 -22231  0
-22237 -22232  0
-22237 -22233  0
-22237 -22234  0
-22237 -22235  0
-22238 -22231  0
-22238 -22232  0
-22238 -22233  0
-22238 -22234  0
-22238 -22235  0
-22346 -22341  0
-22346 -22342  0
-22346 -22343  0
-22346 -22344  0
-22346 -22345  0
-22347 -22341  0
-22347 -22342  0
-22347 -22343  0
-22347 -22344  0
-22347 -22345  0
-22348 -22341  0
-22348 -22342  0
-22348 -22343  0
-22348 -22344  0
-22348 -22345  0
-22456 -22451  0
-22456 -22452  0
-22456 -22453  0
-22456 -22454  0
-22456 -22455  0
-22457 -22451  0
-22457 -22452  0
-22457 -22453  0
-22457 -22454  0
-22457 -22455  0
-22458 -22451  0
-22458 -22452  0
-22458 -22453  0
-22458 -22454  0
-22458 -22455  0
-22566 -22561  0
-22566 -22562  0
-22566 -22563  0
-22566 -22564  0
-22566 -22565  0
-22567 -22561  0
-22567 -22562  0
-22567 -22563  0
-22567 -22564  0
-22567 -22565  0
-22568 -22561  0
-22568 -22562  0
-22568 -22563  0
-22568 -22564  0
-22568 -22565  0
-23146 -23141  0
-23146 -23142  0
-23146 -23143  0
-23146 -23144  0
-23146 -23145  0
-23147 -23141  0
-23147 -23142  0
-23147 -23143  0
-23147 -23144  0
-23147 -23145  0
-23148 -23141  0
-23148 -23142  0
-23148 -23143  0
-23148 -23144  0
-23148 -23145  0
-23216 -23211  0
-23216 -23212  0
-23216 -23213  0
-23216 -23214  0
-23216 -23215  0
-23217 -23211  0
-23217 -23212  0
-23217 -23213  0
-23217 -23214  0
-23217 -23215  0
-23218 -23211  0
-23218 -23212  0
-23218 -23213  0
-23218 -23214  0
-23218 -23215  0
-23326 -23321  0
-23326 -23322  0
-23326 -23323  0
-23326 -23324  0
-23326 -23325  0
-23327 -23321  0
-23327 -23322  0
-23327 -23323  0
-23327 -23324  0
-23327 -23325  0
-23328 -23321  0
-23328 -23322  0
-23328 -23323  0
-23328 -23324  0
-23328 -23325  0
-23456 -23451  0
-23456 -23452  0
-23456 -23453  0
-23456 -23454  0
-23456 -23455  0
-23457 -23451  0
-23457 -23452  0
-23457 -23453  0
-23457 -23454  0
-23457 -23455  0
-23458 -23451  0
-23458 -23452  0
-23458 -23453  0
-23458 -23454  0
-23458 -23455  0
-23566 -23561  0
-23566 -23562  0
-23566 -23563  0
-23566 -23564  0
-23566 -23565  0
-23567 -23561  0
-23567 -23562  0
-23567 -23563  0
-23567 -23564  0
-23567 -23565  0
-23568 -23561  0
-23568 -23562  0
-23568 -23563  0
-23568 -23564  0
-23568 -23565  0
-24126 -24121  0
-24126 -24122  0
-24126 -24123  0
-24126 -24124  0
-24126 -24125  0
-24127 -24121  0
-24127 -24122  0
-24127 -24123  0
-24127 -24124  0
-24127 -24125  0
-24128 -24121  0
-24128 -24122  0
-24128 -24123  0
-24128 -24124  0
-24128 -24125  0
-24276 -24271  0
-24276 -24272  0
-24276 -24273  0
-24276 -24274  0
-24276 -24275  0
-24277 -24271  0
-24277 -24272  0
-24277 -24273  0
-24277 -24274  0
-24277 -24275  0
-24278 -24271  0
-24278 -24272  0
-24278 -24273  0
-24278 -24274  0
-24278 -24275  0
-24386 -24381  0
-24386 -24382  0
-24386 -24383  0
-24386 -24384  0
-24386 -24385  0
-24387 -24381  0
-24387 -24382  0
-24387 -24383  0
-24387 -24384  0
-24387 -24385  0
-24388 -24381  0
-24388 -24382  0
-24388 -24383  0
-24388 -24384  0
-24388 -24385  0
-24436 -24431  0
-24436 -24432  0
-24436 -24433  0
-24436 -24434  0
-24436 -24435  0
-24437 -24431  0
-24437 -24432  0
-24437 -24433  0
-24437 -24434  0
-24437 -24435  0
-24438 -24431  0
-24438 -24432  0
-24438 -24433  0
-24438 -24434  0
-24438 -24435  0
-24546 -24541  0
-24546 -24542  0
-24546 -24543  0
-24546 -24544  0
-24546 -24545  0
-24547 -24541  0
-24547 -24542  0
-24547 -24543  0
-24547 -24544  0
-24547 -24545  0
-24548 -24541  0
-24548 -24542  0
-24548 -24543  0
-24548 -24544  0
-24548 -24545  0
-25116 -25111  0
-25116 -25112  0
-25116 -25113  0
-25116 -25114  0
-25116 -25115  0
-25117 -25111  0
-25117 -25112  0
-25117 -25113  0
-25117 -25114  0
-25117 -25115  0
-25118 -25111  0
-25118 -25112  0
-25118 -25113  0
-25118 -25114  0
-25118 -25115  0
-25276 -25271  0
-25276 -25272  0
-25276 -25273  0
-25276 -25274  0
-25276 -25275  0
-25277 -25271  0
-25277 -25272  0
-25277 -25273  0
-25277 -25274  0
-25277 -25275  0
-25278 -25271  0
-25278 -25272  0
-25278 -25273  0
-25278 -25274  0
-25278 -25275  0
-25386 -25381  0
-25386 -25382  0
-25386 -25383  0
-25386 -25384  0
-25386 -25385  0
-25387 -25381  0
-25387 -25382  0
-25387 -25383  0
-25387 -25384  0
-25387 -25385  0
-25388 -25381  0
-25388 -25382  0
-25388 -25383  0
-25388 -25384  0
-25388 -25385  0
-25466 -25461  0
-25466 -25462  0
-25466 -25463  0
-25466 -25464  0
-25466 -25465  0
-25467 -25461  0
-25467 -25462  0
-25467 -25463  0
-25467 -25464  0
-25467 -25465  0
-25468 -25461  0
-25468 -25462  0
-25468 -25463  0
-25468 -25464  0
-25468 -25465  0
-25556 -25551  0
-25556 -25552  0
-25556 -25553  0
-25556 -25554  0
-25556 -25555  0
-25557 -25551  0
-25557 -25552  0
-25557 -25553  0
-25557 -25554  0
-25557 -25555  0
-25558 -25551  0
-25558 -25552  0
-25558 -25553  0
-25558 -25554  0
-25558 -25555  0
-21136 -21137  0
-21136 -21138  0
-21137 -21138  0
-21216 -21217  0
-21216 -21218  0
-21217 -21218  0
-21326 -21327  0
-21326 -21328  0
-21327 -21328  0
-21486 -21487  0
-21486 -21488  0
-21487 -21488  0
-21576 -21577  0
-21576 -21578  0
-21577 -21578  0
-22116 -22117  0
-22116 -22118  0
-22117 -22118  0
-22236 -22237  0
-22236 -22238  0
-22237 -22238  0
-22346 -22347  0
-22346 -22348  0
-22347 -22348  0
-22456 -22457  0
-22456 -22458  0
-22457 -22458  0
-22566 -22567  0
-22566 -22568  0
-22567 -22568  0
-23146 -23147  0
-23146 -23148  0
-23147 -23148  0
-23216 -23217  0
-23216 -23218  0
-23217 -23218  0
-23326 -23327  0
-23326 -23328  0
-23327 -23328  0
-23456 -23457  0
-23456 -23458  0
-23457 -23458  0
-23566 -23567  0
-23566 -23568  0
-23567 -23568  0
-24126 -24127  0
-24126 -24128  0
-24127 -24128  0
-24276 -24277  0
-24276 -24278  0
-24277 -24278  0
-24386 -24387  0
-24386 -24388  0
-24387 -24388  0
-24436 -24437  0
-24436 -24438  0
-24437 -24438  0
-24546 -24547  0
-24546 -24548  0
-24547 -24548  0
-25116 -25117  0
-25116 -25118  0
-25117 -25118  0
-25276 -25277  0
-25276 -25278  0
-25277 -25278  0
-25386 -25387  0
-25386 -25388  0
-25387 -25388  0
-25466 -25467  0
-25466 -25468  0
-25467 -25468  0
-25556 -25557  0
-25556 -25558  0
-25557 -25558  0
32561  0
33561  0
35461  0
-31131 -31132  0
-31131 -31133  0
-31131 -31134  0
-31132 -31133  0
-31132 -31134  0
-31133 -31134  0
-31211 -31212  0
-31211 -31213  0
-31211 -31214  0
-31212 -31213  0
-31212 -31214  0
-31213 -31214  0
-31321 -31322  0
-31321 -31323  0
-31321 -31324  0
-31322 -31323  0
-31322 -31324  0
-31323 -31324  0
-31481 -31482  0
-31481 -31483  0
-31481 -31484  0
-31482 -31483  0
-31482 -31484  0
-31483 -31484  0
-31571 -31572  0
-31571 -31573  0
-31571 -31574  0
-31572 -31573  0
-31572 -31574  0
-31573 -31574  0
-32111 -32112  0
-32111 -32113  0
-32111 -32114  0
-32112 -32113  0
-32112 -32114  0
-32113 -32114  0
-32231 -32232  0
-32231 -32233  0
-32231 -32234  0
-32232 -32233  0
-32232 -32234  0
-32233 -32234  0
-32341 -32342  0
-32341 -32343  0
-32341 -32344  0
-32342 -32343  0
-32342 -32344  0
-32343 -32344  0
-32451 -32452  0
-32451 -32453  0
-32451 -32454  0
-32452 -32453  0
-32452 -32454  0
-32453 -32454  0
-32561 -32562  0
-32561 -32563  0
-32561 -32564  0
-32562 -32563  0
-32562 -32564  0
-32563 -32564  0
-33141 -33142  0
-33141 -33143  0
-33141 -33144  0
-33142 -33143  0
-33142 -33144  0
-33143 -33144  0
-33211 -33212  0
-33211 -33213  0
-33211 -33214  0
-33212 -33213  0
-33212 -33214  0
-33213 -33214  0
-33321 -33322  0
-33321 -33323  0
-33321 -33324  0
-33322 -33323  0
-33322 -33324  0
-33323 -33324  0
-33451 -33452  0
-33451 -33453  0
-33451 -33454  0
-33452 -33453  0
-33452 -33454  0
-33453 -33454  0
-33561 -33562  0
-33561 -33563  0
-33561 -33564  0
-33562 -33563  0
-33562 -33564  0
-33563 -33564  0
-34121 -34122  0
-34121 -34123  0
-34121 -34124  0
-34122 -34123  0
-34122 -34124  0
-34123 -34124  0
-34271 -34272  0
-34271 -34273  0
-34271 -34274  0
-34272 -34273  0
-34272 -34274  0
-34273 -34274  0
-34381 -34382  0
-34381 -34383  0
-34381 -34384  0
-34382 -34383  0
-34382 -34384  0
-34383 -34384  0
-34431 -34432  0
-34431 -34433  0
-34431 -34434  0
-34432 -34433  0
-34432 -34434  0
-34433 -34434  0
-34541 -34542  0
-34541 -34543  0
-34541 -34544  0
-34542 -34543  0
-34542 -34544  0
-34543 -34544  0
-35111 -35112  0
-35111 -35113  0
-35111 -35114  0
-35112 -35113  0
-35112 -35114  0
-35113 -35114  0
-35271 -35272  0
-35271 -35273  0
-35271 -35274  0
-35272 -35273  0
-35272 -35274  0
-35273 -35274  0
-35381 -35382  0
-35381 -35383  0
-35381 -35384  0
-35382 -35383  0
-35382 -35384  0
-35383 -35384  0
-35461 -35462  0
-35461 -35463  0
-35461 -35464  0
-35462 -35463  0
-35462 -35464  0
-35463 -35464  0
-35551 -35552  0
-35551 -35553  0
-35551 -35554  0
-35552 -35553  0
-35552 -35554  0
-35553 -35554  0
31211 31321 31131 32341 32451 32561 31571 31481  0
31212 31322 31132 32342 32452 32562 31572 31482  0
31213 31323 31133 32343 32453 32563 31573 31483  0
31214 31324 31134 32344 32454 32564 31574 31484  0
31215 31325 31135 32345 32455 32565 31575 31485  0
31216 31326 31136 32346 32456 32566 31576 31486  0
31217 31327 31137 32347 32457 32567 31577 31487  0
-31211 32111  0
-31211 33211  0
-31211 35111  0
-32111 31211  0
-32111 33211  0
-32111 35111  0
-33211 31211  0
-33211 32111  0
-33211 35111  0
-35111 31211  0
-35111 32111  0
-35111 33211  0
-31212 32112  0
-31212 33212  0
-31212 35112  0
-32112 31212  0
-32112 33212  0
-32112 35112  0
-33212 31212  0
-33212 32112  0
-33212 35112  0
-35112 31212  0
-35112 32112  0
-35112 33212  0
-31213 32113  0
-31213 33213  0
-31213 35113  0
-32113 31213  0
-32113 33213  0
-32113 35113  0
-33213 31213  0
-33213 32113  0
-33213 35113  0
-35113 31213  0
-35113 32113  0
-35113 33213  0
-31214 32114  0
-31214 33214  0
-31214 35114  0
-32114 31214  0
-32114 33214  0
-32114 35114  0
-33214 31214  0
-33214 32114  0
-33214 35114  0
-35114 31214  0
-35114 32114  0
-35114 33214  0
-31215 32115  0
-31215 33215  0
-31215 35115  0
-32115 31215  0
-32115 33215  0
-32115 35115  0
-33215 31215  0
-33215 32115  0
-33215 35115  0
-35115 31215  0
-35115 32115  0
-35115 33215  0
-31216 32116  0
-31216 33216  0
-31216 35116  0
-32116 31216  0
-32116 33216  0
-32116 35116  0
-33216 31216  0
-33216 32116  0
-33216 35116  0
-35116 31216  0
-35116 32116  0
-35116 33216  0
-31217 32117  0
-31217 33217  0
-31217 35117  0
-32117 31217  0
-32117 33217  0
-32117 35117  0
-33217 31217  0
-33217 32117  0
-33217 35117  0
-35117 31217  0
-35117 32117  0
-35117 33217  0
-31321 33321  0
-31321 34121  0
-33321 31321  0
-33321 34121  0
-34121 31321  0
-34121 33321  0
-31322 33322  0
-31322 34122  0
-33322 31322  0
-33322 34122  0
-34122 31322  0
-34122 33322  0
-31323 33323  0
-31323 34123  0
-33323 31323  0
-33323 34123  0
-34123 31323  0
-34123 33323  0
-31324 33324  0
-31324 34124  0
-33324 31324  0
-33324 34124  0
-34124 31324  0
-34124 33324  0
-31325 33325  0
-31325 34125  0
-33325 31325  0
-33325 34125  0
-34125 31325  0
-34125 33325  0
-31326 33326  0
-31326 34126  0
-33326 31326  0
-33326 34126  0
-34126 31326  0
-34126 33326  0
-31327 33327  0
-31327 34127  0
-33327 31327  0
-33327 34127  0
-34127 31327  0
-34127 33327  0
-31131 32231  0
-31131 34431  0
-32231 31131  0
-32231 34431  0
-34431 31131  0
-34431 32231  0
-31132 32232  0
-31132 34432  0
-32232 31132  0
-32232 34432  0
-34432 31132  0
-34432 32232  0
-31133 32233  0
-31133 34433  0
-32233 31133  0
-32233 34433  0
-34433 31133  0
-34433 32233  0
-31134 32234  0
-31134 34434  0
-32234 31134  0
-32234 34434  0
-34434 31134  0
-34434 32234  0
-31135 32235  0
-31135 34435  0
-32235 31135  0
-32235 34435  0
-34435 31135  0
-34435 32235  0
-31136 32236  0
-31136 34436  0
-32236 31136  0
-32236 34436  0
-34436 31136  0
-34436 32236  0
-31137 32237  0
-31137 34437  0
-32237 31137  0
-32237 34437  0
-34437 31137  0
-34437 32237  0
-32341 33141  0
-32341 34541  0
-33141 32341  0
-33141 34541  0
-34541 32341  0
-34541 33141  0
-32342 33142  0
-32342 34542  0
-33142 32342  0
-33142 34542  0
-34542 32342  0
-34542 33142  0
-32343 33143  0
-32343 34543  0
-33143 32343  0
-33143 34543  0
-34543 32343  0
-34543 33143  0
-32344 33144  0
-32344 34544  0
-33144 32344  0
-33144 34544  0
-34544 32344  0
-34544 33144  0
-32345 33145  0
-32345 34545  0
-33145 32345  0
-33145 34545  0
-34545 32345  0
-34545 33145  0
-32346 33146  0
-32346 34546  0
-33146 32346  0
-33146 34546  0
-34546 32346  0
-34546 33146  0
-32347 33147  0
-32347 34547  0
-33147 32347  0
-33147 34547  0
-34547 32347  0
-34547 33147  0
-32451 33451  0
-32451 35551  0
-33451 32451  0
-33451 35551  0
-35551 32451  0
-35551 33451  0
-32452 33452  0
-32452 35552  0
-33452 32452  0
-33452 35552  0
-35552 32452  0
-35552 33452  0
-32453 33453  0
-32453 35553  0
-33453 32453  0
-33453 35553  0
-35553 32453  0
-35553 33453  0
-32454 33454  0
-32454 35554  0
-33454 32454  0
-33454 35554  0
-35554 32454  0
-35554 33454  0
-32455 33455  0
-32455 35555  0
-33455 32455  0
-33455 35555  0
-35555 32455  0
-35555 33455  0
-32456 33456  0
-32456 35556  0
-33456 32456  0
-33456 35556  0
-35556 32456  0
-35556 33456  0
-32457 33457  0
-32457 35557  0
-33457 32457  0
-33457 35557  0
-35557 32457  0
-35557 33457  0
-32561 33561  0
-32561 35461  0
-33561 32561  0
-33561 35461  0
-35461 32561  0
-35461 33561  0
-32562 33562  0
-32562 35462  0
-33562 32562  0
-33562 35462  0
-35462 32562  0
-35462 33562  0
-32563 33563  0
-32563 35463  0
-33563 32563  0
-33563 35463  0
-35463 32563  0
-35463 33563  0
-32564 33564  0
-32564 35464  0
-33564 32564  0
-33564 35464  0
-35464 32564  0
-35464 33564  0
-32565 33565  0
-32565 35465  0
-33565 32565  0
-33565 35465  0
-35465 32565  0
-35465 33565  0
-32566 33566  0
-32566 35466  0
-33566 32566  0
-33566 35466  0
-35466 32566  0
-35466 33566  0
-32567 33567  0
-32567 35467  0
-33567 32567  0
-33567 35467  0
-35467 32567  0
-35467 33567  0
-31571 34271  0
-31571 35271  0
-34271 31571  0
-34271 35271  0
-35271 31571  0
-35271 34271  0
-31572 34272  0
-31572 35272  0
-34272 31572  0
-34272 35272  0
-35272 31572  0
-35272 34272  0
-31573 34273  0
-31573 35273  0
-34273 31573  0
-34273 35273  0
-35273 31573  0
-35273 34273  0
-31574 34274  0
-31574 35274  0
-34274 31574  0
-34274 35274  0
-35274 31574  0
-35274 34274  0
-31575 34275  0
-31575 35275  0
-34275 31575  0
-34275 35275  0
-35275 31575  0
-35275 34275  0
-31576 34276  0
-31576 35276  0
-34276 31576  0
-34276 35276  0
-35276 31576  0
-35276 34276  0
-31577 34277  0
-31577 35277  0
-34277 31577  0
-34277 35277  0
-35277 31577  0
-35277 34277  0
-31481 34381  0
-31481 35381  0
-34381 31481  0
-34381 35381  0
-35381 31481  0
-35381 34381  0
-31482 34382  0
-31482 35382  0
-34382 31482  0
-34382 35382  0
-35382 31482  0
-35382 34382  0
-31483 34383  0
-31483 35383  0
-34383 31483  0
-34383 35383  0
-35383 31483  0
-35383 34383  0
-31484 34384  0
-31484 35384  0
-34384 31484  0
-34384 35384  0
-35384 31484  0
-35384 34384  0
-31485 34385  0
-31485 35385  0
-34385 31485  0
-34385 35385  0
-35385 31485  0
-35385 34385  0
-31486 34386  0
-31486 35386  0
-34386 31486  0
-34386 35386  0
-35386 31486  0
-35386 34386  0
-31487 34387  0
-31487 35387  0
-34387 31487  0
-34387 35387  0
-35387 31487  0
-35387 34387  0
-31211 -31321  0
-31211 -31131  0
-31211 -32341  0
-31211 -32451  0
-31211 -32561  0
-31211 -31571  0
-31211 -31481  0
-31321 -31131  0
-31321 -32341  0
-31321 -32451  0
-31321 -32561  0
-31321 -31571  0
-31321 -31481  0
-31131 -32341  0
-31131 -32451  0
-31131 -32561  0
-31131 -31571  0
-31131 -31481  0
-32341 -32451  0
-32341 -32561  0
-32341 -31571  0
-32341 -31481  0
-32451 -32561  0
-32451 -31571  0
-32451 -31481  0
-32561 -31571  0
-32561 -31481  0
-31571 -31481  0
-31212 -31322  0
-31212 -31132  0
-31212 -32342  0
-31212 -32452  0
-31212 -32562  0
-31212 -31572  0
-31212 -31482  0
-31322 -31132  0
-31322 -32342  0
-31322 -32452  0
-31322 -32562  0
-31322 -31572  0
-31322 -31482  0
-31132 -32342  0
-31132 -32452  0
-31132 -32562  0
-31132 -31572  0
-31132 -31482  0
-32342 -32452  0
-32342 -32562  0
-32342 -31572  0
-32342 -31482  0
-32452 -32562  0
-32452 -31572  0
-32452 -31482  0
-32562 -31572  0
-32562 -31482  0
-31572 -31482  0
-31213 -31323  0
-31213 -31133  0
-31213 -32343  0
-31213 -32453  0
-31213 -32563  0
-31213 -31573  0
-31213 -31483  0
-31323 -31133  0
-31323 -32343  0
-31323 -32453  0
-31323 -32563  0
-31323 -31573  0
-31323 -31483  0
-31133 -32343  0
-31133 -32453  0
-31133 -32563  0
-31133 -31573  0
-31133 -31483  0
-32343 -32453  0
-32343 -32563  0
-32343 -31573  0
-32343 -31483  0
-32453 -32563  0
-32453 -31573  0
-32453 -31483  0
-32563 -31573  0
-32563 -31483  0
-31573 -31483  0
-31214 -31324  0
-31214 -31134  0
-31214 -32344  0
-31214 -32454  0
-31214 -32564  0
-31214 -31574  0
-31214 -31484  0
-31324 -31134  0
-31324 -32344  0
-31324 -32454  0
-31324 -32564  0
-31324 -31574  0
-31324 -31484  0
-31134 -32344  0
-31134 -32454  0
-31134 -32564  0
-31134 -31574  0
-31134 -31484  0
-32344 -32454  0
-32344 -32564  0
-32344 -31574  0
-32344 -31484  0
-32454 -32564  0
-32454 -31574  0
-32454 -31484  0
-32564 -31574  0
-32564 -31484  0
-31574 -31484  0
-31215 -31325  0
-31215 -31135  0
-31215 -32345  0
-31215 -32455  0
-31215 -32565  0
-31215 -31575  0
-31215 -31485  0
-31325 -31135  0
-31325 -32345  0
-31325 -32455  0
-31325 -32565  0
-31325 -31575  0
-31325 -31485  0
-31135 -32345  0
-31135 -32455  0
-31135 -32565  0
-31135 -31575  0
-31135 -31485  0
-32345 -32455  0
-32345 -32565  0
-32345 -31575  0
-32345 -31485  0
-32455 -32565  0
-32455 -31575  0
-32455 -31485  0
-32565 -31575  0
-32565 -31485  0
-31575 -31485  0
-31216 -31326  0
-31216 -31136  0
-31216 -32346  0
-31216 -32456  0
-31216 -32566  0
-31216 -31576  0
-31216 -31486  0
-31326 -31136  0
-31326 -32346  0
-31326 -32456  0
-31326 -32566  0
-31326 -31576  0
-31326 -31486  0
-31136 -32346  0
-31136 -32456  0
-31136 -32566  0
-31136 -31576  0
-31136 -31486  0
-32346 -32456  0
-32346 -32566  0
-32346 -31576  0
-32346 -31486  0
-32456 -32566  0
-32456 -31576  0
-32456 -31486  0
-32566 -31576  0
-32566 -31486  0
-31576 -31486  0
-31217 -31327  0
-31217 -31137  0
-31217 -32347  0
-31217 -32457  0
-31217 -32567  0
-31217 -31577  0
-31217 -31487  0
-31327 -31137  0
-31327 -32347  0
-31327 -32457  0
-31327 -32567  0
-31327 -31577  0
-31327 -31487  0
-31137 -32347  0
-31137 -32457  0
-31137 -32567  0
-31137 -31577  0
-31137 -31487  0
-32347 -32457  0
-32347 -32567  0
-32347 -31577  0
-32347 -31487  0
-32457 -32567  0
-32457 -31577  0
-32457 -31487  0
-32567 -31577  0
-32567 -31487  0
-31577 -31487  0
-31135 -31131  0
-31135 -31132  0
-31135 -31133  0
-31135 -31134  0
-31136 -31131  0
-31136 -31132  0
-31136 -31133  0
-31136 -31134  0
-31137 -31131  0
-31137 -31132  0
-31137 -31133  0
-31137 -31134  0
-31215 -31211  0
-31215 -31212  0
-31215 -31213  0
-31215 -31214  0
-31216 -31211  0
-31216 -31212  0
-31216 -31213  0
-31216 -31214  0
-31217 -31211  0
-31217 -31212  0
-31217 -31213  0
-31217 -31214  0
-31325 -31321  0
-31325 -31322  0
-31325 -31323  0
-31325 -31324  0
-31326 -31321  0
-31326 -31322  0
-31326 -31323  0
-31326 -31324  0
-31327 -31321  0
-31327 -31322  0
-31327 -31323  0
-31327 -31324  0
-31485 -31481  0
-31485 -31482  0
-31485 -31483  0
-31485 -31484  0
-31486 -31481  0
-31486 -31482  0
-31486 -31483  0
-31486 -31484  0
-31487 -31481  0
-31487 -31482  0
-31487 -31483  0
-31487 -31484  0
-31575 -31571  0
-31575 -31572  0
-31575 -31573  0
-31575 -31574  0
-31576 -31571  0
-31576 -31572  0
-31576 -31573  0
-31576 -31574  0
-31577 -31571  0
-31577 -31572  0
-31577 -31573  0
-31577 -31574  0
-32115 -32111  0
-32115 -32112  0
-32115 -32113  0
-32115 -32114  0
-32116 -32111  0
-32116 -32112  0
-32116 -32113  0
-32116 -32114  0
-32117 -32111  0
-32117 -32112  0
-32117 -32113  0
-32117 -32114  0
-32235 -32231  0
-32235 -32232  0
-32235 -32233  0
-32235 -32234  0
-32236 -32231  0
-32236 -32232  0
-32236 -32233  0
-32236 -32234  0
-32237 -32231  0
-32237 -32232  0
-32237 -32233  0
-32237 -32234  0
-32345 -32341  0
-32345 -32342  0
-32345 -32343  0
-32345 -32344  0
-32346 -32341  0
-32346 -32342  0
-32346 -32343  0
-32346 -32344  0
-32347 -32341  0
-32347 -32342  0
-32347 -32343  0
-32347 -32344  0
-32455 -32451  0
-32455 -32452  0
-32455 -32453  0
-32455 -32454  0
-32456 -32451  0
-32456 -32452  0
-32456 -32453  0
-32456 -32454  0
-32457 -32451  0
-32457 -32452  0
-32457 -32453  0
-32457 -32454  0
-32565 -32561  0
-32565 -32562  0
-32565 -32563  0
-32565 -32564  0
-32566 -32561  0
-32566 -32562  0
-32566 -32563  0
-32566 -32564  0
-32567 -32561  0
-32567 -32562  0
-32567 -32563  0
-32567 -32564  0
-33145 -33141  0
-33145 -33142  0
-33145 -33143  0
-33145 -33144  0
-33146 -33141  0
-33146 -33142  0
-33146 -33143  0
-33146 -33144  0
-33147 -33141  0
-33147 -33142  0
-33147 -33143  0
-33147 -33144  0
-33215 -33211  0
-33215 -33212  0
-33215 -33213  0
-33215 -33214  0
-33216 -33211  0
-33216 -33212  0
-33216 -33213  0
-33216 -33214  0
-33217 -33211  0
-33217 -33212  0
-33217 -33213  0
-33217 -33214  0
-33325 -33321  0
-33325 -33322  0
-33325 -33323  0
-33325 -33324  0
-33326 -33321  0
-33326 -33322  0
-33326 -33323  0
-33326 -33324  0
-33327 -33321  0
-33327 -33322  0
-33327 -33323  0
-33327 -33324  0
-33455 -33451  0
-33455 -33452  0
-33455 -33453  0
-33455 -33454  0
-33456 -33451  0
-33456 -33452  0
-33456 -33453  0
-33456 -33454  0
-33457 -33451  0
-33457 -33452  0
-33457 -33453  0
-33457 -33454  0
-33565 -33561  0
-33565 -33562  0
-33565 -33563  0
-33565 -33564  0
-33566 -33561  0
-33566 -33562  0
-33566 -33563  0
-33566 -33564  0
-33567 -33561  0
-33567 -33562  0
-33567 -33563  0
-33567 -33564  0
-34125 -34121  0
-34125 -34122  0
-34125 -34123  0
-34125 -34124  0
-34126 -34121  0
-34126 -34122  0
-34126 -34123  0
-34126 -34124  0
-34127 -34121  0
-34127 -34122  0
-34127 -34123  0
-34127 -34124  0
-34275 -34271  0
-34275 -34272  0
-34275 -34273  0
-34275 -34274  0
-34276 -34271  0
-34276 -34272  0
-34276 -34273  0
-34276 -34274  0
-34277 -34271  0
-34277 -34272  0
-34277 -34273  0
-34277 -34274  0
-34385 -34381  0
-34385 -34382  0
-34385 -34383  0
-34385 -34384  0
-34386 -34381  0
-34386 -34382  0
-34386 -34383  0
-34386 -34384  0
-34387 -34381  0
-34387 -34382  0
-34387 -34383  0
-34387 -34384  0
-34435 -34431  0
-34435 -34432  0
-34435 -34433  0
-34435 -34434  0
-34436 -34431  0
-34436 -34432  0
-34436 -34433  0
-34436 -34434  0
-34437 -34431  0
-34437 -34432  0
-34437 -34433  0
-34437 -34434  0
-34545 -34541  0
-34545 -34542  0
-34545 -34543  0
-34545 -34544  0
-34546 -34541  0
-34546 -34542  0
-34546 -34543  0
-34546 -34544  0
-34547 -34541  0
-34547 -34542  0
-34547 -34543  0
-34547 -34544  0
-35115 -35111  0
-35115 -35112  0
-35115 -35113  0
-35115 -35114  0
-35116 -35111  0
-35116 -35112  0
-35116 -35113  0
-35116 -35114  0
-35117 -35111  0
-35117 -35112  0
-35117 -35113  0
-35117 -35114  0
-35275 -35271  0
-35275 -35272  0
-35275 -35273  0
-35275 -35274  0
-35276 -35271  0
-35276 -35272  0
-35276 -35273  0
-35276 -35274  0
-35277 -35271  0
-35277 -35272  0
-35277 -35273  0
-35277 -35274  0
-35385 -35381  0
-35385 -35382  0
-35385 -35383  0
-35385 -35384  0
-35386 -35381  0
-35386 -35382  0
-35386 -35383  0
-35386 -35384  0
-35387 -35381  0
-35387 -35382  0
-35387 -35383  0
-35387 -35384  0
-35465 -35461  0
-35465 -35462  0
-35465 -35463  0
-35465 -35464  0
-35466 -35461  0
-35466 -35462  0
-35466 -35463  0
-35466 -35464  0
-35467 -35461  0
-35467 -35462  0
-35467 -35463  0
-35467 -35464  0
-35555 -35551  0
-35555 -35552  0
-35555 -35553  0
-35555 -35554  0
-35556 -35551  0
-35556 -35552  0
-35556 -35553  0
-35556 -35554  0
-35557 -35551  0
-35557 -35552  0
-35557 -35553  0
-35557 -35554  0
-31135 -31136  0
-31135 -31137  0
-31136 -31137  0
-31215 -31216  0
-31215 -31217  0
-31216 -31217  0
-31325 -31326  0
-31325 -31327  0
-31326 -31327  0
-31485 -31486  0
-31485 -31487  0
-31486 -31487  0
-31575 -31576  0
-31575 -31577  0
-31576 -31577  0
-32115 -32116  0
-32115 -32117  0
-32116 -32117  0
-32235 -32236  0
-32235 -32237  0
-32236 -32237  0
-32345 -32346  0
-32345 -32347  0
-32346 -32347  0
-32455 -32456  0
-32455 -32457  0
-32456 -32457  0
-32565 -32566  0
-32565 -32567  0
-32566 -32567  0
-33145 -33146  0
-33145 -33147  0
-33146 -33147  0
-33215 -33216  0
-33215 -33217  0
-33216 -33217  0
-33325 -33326  0
-33325 -33327  0
-33326 -33327  0
-33455 -33456  0
-33455 -33457  0
-33456 -33457  0
-33565 -33566  0
-33565 -33567  0
-33566 -33567  0
-34125 -34126  0
-34125 -34127  0
-34126 -34127  0
-34275 -34276  0
-34275 -34277  0
-34276 -34277  0
-34385 -34386  0
-34385 -34387  0
-34386 -34387  0
-34435 -34436  0
-34435 -34437  0
-34436 -34437  0
-34545 -34546  0
-34545 -34547  0
-34546 -34547  0
-35115 -35116  0
-35115 -35117  0
-35116 -35117  0
-35275 -35276  0
-35275 -35277  0
-35276 -35277  0
-35385 -35386  0
-35385 -35387  0
-35386 -35387  0
-35465 -35466  0
-35465 -35467  0
-35466 -35467  0
-35555 -35556  0
-35555 -35557  0
-35556 -35557  0
41213  0
42113  0
43213  0
42341  0
43141  0
44541  0
42452  0
43452  0
45552  0
41211 41321 41131 42341 42451 42561 41571 41481  0
41212 41322 41132 42342 42452 42562 41572 41482  0
41213 41323 41133 42343 42453 42563 41573 41483  0
41214 41324 41134 42344 42454 42564 41574 41484  0
41215 41325 41135 42345 42455 42565 41575 41485  0
-41211 42111  0
-41211 43211  0
-41211 45111  0
-42111 41211  0
-42111 43211  0
-42111 45111  0
-43211 41211  0
-43211 42111  0
-43211 45111  0
-45111 41211  0
-45111 42111  0
-45111 43211  0
-41212 42112  0
-41212 43212  0
-41212 45112  0
-42112 41212  0
-42112 43212  0
-42112 45112  0
-43212 41212  0
-43212 42112  0
-43212 45112  0
-45112 41212  0
-45112 42112  0
-45112 43212  0
-41213 42113  0
-41213 43213  0
-41213 45113  0
-42113 41213  0
-42113 43213  0
-42113 45113  0
-43213 41213  0
-43213 42113  0
-43213 45113  0
-45113 41213  0
-45113 42113  0
-45113 43213  0
-41214 42114  0
-41214 43214  0
-41214 45114  0
-42114 41214  0
-42114 43214  0
-42114 45114  0
-43214 41214  0
-43214 42114  0
-43214 45114  0
-45114 41214  0
-45114 42114  0
-45114 43214  0
-41215 42115  0
-41215 43215  0
-41215 45115  0
-42115 41215  0
-42115 43215  0
-42115 45115  0
-43215 41215  0
-43215 42115  0
-43215 45115  0
-45115 41215  0
-45115 42115  0
-45115 43215  0
-41321 43321  0
-41321 44121  0
-43321 41321  0
-43321 44121  0
-44121 41321  0
-44121 43321  0
-41322 43322  0
-41322 44122  0
-43322 41322  0
-43322 44122  0
-44122 41322  0
-44122 43322  0
-41323 43323  0
-41323 44123  0
-43323 41323  0
-43323 44123  0
-44123 41323  0
-44123 43323  0
-41324 43324  0
-41324 44124  0
-43324 41324  0
-43324 44124  0
-44124 41324  0
-44124 43324  0
-41325 43325  0
-41325 44125  0
-43325 41325  0
-43325 44125  0
-44125 41325  0
-44125 43325  0
-41131 42231  0
-41131 44431  0
-42231 41131  0
-42231 44431  0
-44431 41131  0
-44431 42231  0
-41132 42232  0
-41132 44432  0
-42232 41132  0
-42232 44432  0
-44432 41132  0
-44432 42232  0
-41133 42233  0
-41133 44433  0
-42233 41133  0
-42233 44433  0
-44433 41133  0
-44433 42233  0
-41134 42234  0
-41134 44434  0
-42234 41134  0
-42234 44434  0
-44434 41134  0
-44434 42234  0
-41135 42235  0
-41135 44435  0
-42235 41135  0
-42235 44435  0
-44435 41135  0
-44435 42235  0
-42341 43141  0
-42341 44541  0
-43141 42341  0
-43141 44541  0
-44541 42341  0
-44541 43141  0
-42342 43142  0
-42342 44542  0
-43142 42342  0
-43142 44542  0
-44542 42342  0
-44542 43142  0
-42343 43143  0
-42343 44543  0
-43143 42343  0
-43143 44543  0
-44543 42343  0
-44543 43143  0
-42344 43144  0
-42344 44544  0
-43144 42344  0
-43144 44544  0
-44544 42344  0
-44544 43144  0
-42345 43145  0
-42345 44545  0
-43145 42345  0
-43145 44545  0
-44545 42345  0
-44545 43145  0
-42451 43451  0
-42451 45551  0
-43451 42451  0
-43451 45551  0
-45551 42451  0
-45551 43451  0
-42452 43452  0
-42452 45552  0
-43452 42452  0
-43452 45552  0
-45552 42452  0
-45552 43452  0
-42453 43453  0
-42453 45553  0
-43453 42453  0
-43453 45553  0
-45553 42453  0
-45553 43453  0
-42454 43454  0
-42454 45554  0
-43454 42454  0
-43454 45554  0
-45554 42454  0
-45554 43454  0
-42455 43455  0
-42455 45555  0
-43455 42455  0
-43455 45555  0
-45555 42455  0
-45555 43455  0
-42561 43561  0
-42561 45461  0
-43561 42561  0
-43561 45461  0
-45461 42561  0
-45461 43561  0
-42562 43562  0
-42562 45462  0
-43562 42562  0
-43562 45462  0
-45462 42562  0
-45462 43562  0
-42563 43563  0
-42563 45463  0
-43563 42563  0
-43563 45463  0
-45463 42563  0
-45463 43563  0
-42564 43564  0
-42564 45464  0
-43564 42564  0
-43564 45464  0
-45464 42564  0
-45464 43564  0
-42565 43565  0
-42565 45465  0
-43565 42565  0
-43565 45465  0
-45465 42565  0
-45465 43565  0
-41571 44271  0
-41571 45271  0
-44271 41571  0
-44271 45271  0
-45271 41571  0
-45271 44271  0
-41572 44272  0
-41572 45272  0
-44272 41572  0
-44272 45272  0
-45272 41572  0
-45272 44272  0
-41573 44273  0
-41573 45273  0
-44273 41573  0
-44273 45273  0
-45273 41573  0
-45273 44273  0
-41574 44274  0
-41574 45274  0
-44274 41574  0
-44274 45274  0
-45274 41574  0
-45274 44274  0
-41575 44275  0
-41575 45275  0
-44275 41575  0
-44275 45275  0
-45275 41575  0
-45275 44275  0
-41481 44381  0
-41481 45381  0
-44381 41481  0
-44381 45381  0
-45381 41481  0
-45381 44381  0
-41482 44382  0
-41482 45382  0
-44382 41482  0
-44382 45382  0
-45382 41482  0
-45382 44382  0
-41483 44383  0
-41483 45383  0
-44383 41483  0
-44383 45383  0
-45383 41483  0
-45383 44383  0
-41484 44384  0
-41484 45384  0
-44384 41484  0
-44384 45384  0
-45384 41484  0
-45384 44384  0
-41485 44385  0
-41485 45385  0
-44385 41485  0
-44385 45385  0
-45385 41485  0
-45385 44385  0
-41211 -41321  0
-41211 -41131  0
-41211 -42341  0
-41211 -42451  0
-41211 -42561  0
-41211 -41571  0
-41211 -41481  0
-41321 -41131  0
-41321 -42341  0
-41321 -42451  0
-41321 -42561  0
-41321 -41571  0
-41321 -41481  0
-41131 -42341  0
-41131 -42451  0
-41131 -42561  0
-41131 -41571  0
-41131 -41481  0
-42341 -42451  0
-42341 -42561  0
-42341 -41571  0
-42341 -41481  0
-42451 -42561  0
-42451 -41571  0
-42451 -41481  0
-42561 -41571  0
-42561 -41481  0
-41571 -41481  0
-41212 -41322  0
-41212 -41132  0
-41212 -42342  0
-41212 -42452  0
-41212 -42562  0
-41212 -41572  0
-41212 -41482  0
-41322 -41132  0
-41322 -42342  0
-41322 -42452  0
-41322 -42562  0
-41322 -41572  0
-41322 -41482  0
-41132 -42342  0
-41132 -42452  0
-41132 -42562  0
-41132 -41572  0
-41132 -41482  0
-42342 -42452  0
-42342 -42562  0
-42342 -41572  0
-42342 -41482  0
-42452 -42562  0
-42452 -41572  0
-42452 -41482  0
-42562 -41572  0
-42562 -41482  0
-41572 -41482  0
-41213 -41323  0
-41213 -41133  0
-41213 -42343  0
-41213 -42453  0
-41213 -42563  0
-41213 -41573  0
-41213 -41483  0
-41323 -41133  0
-41323 -42343  0
-41323 -42453  0
-41323 -42563  0
-41323 -41573  0
-41323 -41483  0
-41133 -42343  0
-41133 -42453  0
-41133 -42563  0
-41133 -41573  0
-41133 -41483  0
-42343 -42453  0
-42343 -42563  0
-42343 -41573  0
-42343 -41483  0
-42453 -42563  0
-42453 -41573  0
-42453 -41483  0
-42563 -41573  0
-42563 -41483  0
-41573 -41483  0
-41214 -41324  0
-41214 -41134  0
-41214 -42344  0
-41214 -42454  0
-41214 -42564  0
-41214 -41574  0
-41214 -41484  0
-41324 -41134  0
-41324 -42344  0
-41324 -42454  0
-41324 -42564  0
-41324 -41574  0
-41324 -41484  0
-41134 -42344  0
-41134 -42454  0
-41134 -42564  0
-41134 -41574  0
-41134 -41484  0
-42344 -42454  0
-42344 -42564  0
-42344 -41574  0
-42344 -41484  0
-42454 -42564  0
-42454 -41574  0
-42454 -41484  0
-42564 -41574  0
-42564 -41484  0
-41574 -41484  0
-41215 -41325  0
-41215 -41135  0
-41215 -42345  0
-41215 -42455  0
-41215 -42565  0
-41215 -41575  0
-41215 -41485  0
-41325 -41135  0
-41325 -42345  0
-41325 -42455  0
-41325 -42565  0
-41325 -41575  0
-41325 -41485  0
-41135 -42345  0
-41135 -42455  0
-41135 -42565  0
-41135 -41575  0
-41135 -41485  0
-42345 -42455  0
-42345 -42565  0
-42345 -41575  0
-42345 -41485  0
-42455 -42565  0
-42455 -41575  0
-42455 -41485  0
-42565 -41575  0
-42565 -41485  0
-41575 -41485  0
-41131 -41132  0
-41131 -41133  0
-41131 -41134  0
-41131 -41135  0
-41132 -41133  0
-41132 -41134  0
-41132 -41135  0
-41133 -41134  0
-41133 -41135  0
-41134 -41135  0
-41211 -41212  0
-41211 -41213  0
-41211 -41214  0
-41211 -41215  0
-41212 -41213  0
-41212 -41214  0
-41212 -41215  0
-41213 -41214  0
-41213 -41215  0
-41214 -41215  0
-41321 -41322  0
-41321 -41323  0
-41321 -41324  0
-41321 -41325  0
-41322 -41323  0
-41322 -41324  0
-41322 -41325  0
-41323 -41324  0
-41323 -41325  0
-41324 -41325  0
-41481 -41482  0
-41481 -41483  0
-41481 -41484  0
-41481 -41485  0
-41482 -41483  0
-41482 -41484  0
-41482 -41485  0
-41483 -41484  0
-41483 -41485  0
-41484 -41485  0
-41571 -41572  0
-41571 -41573  0
-41571 -41574  0
-41571 -41575  0
-41572 -41573  0
-41572 -41574  0
-41572 -41575  0
-41573 -41574  0
-41573 -41575  0
-41574 -41575  0
-42111 -42112  0
-42111 -42113  0
-42111 -42114  0
-42111 -42115  0
-42112 -42113  0
-42112 -42114  0
-42112 -42115  0
-42113 -42114  0
-42113 -42115  0
-42114 -42115  0
-42231 -42232  0
-42231 -42233  0
-42231 -42234  0
-42231 -42235  0
-42232 -42233  0
-42232 -42234  0
-42232 -42235  0
-42233 -42234  0
-42233 -42235  0
-42234 -42235  0
-42341 -42342  0
-42341 -42343  0
-42341 -42344  0
-42341 -42345  0
-42342 -42343  0
-42342 -42344  0
-42342 -42345  0
-42343 -42344  0
-42343 -42345  0
-42344 -42345  0
-42451 -42452  0
-42451 -42453  0
-42451 -42454  0
-42451 -42455  0
-42452 -42453  0
-42452 -42454  0
-42452 -42455  0
-42453 -42454  0
-42453 -42455  0
-42454 -42455  0
-42561 -42562  0
-42561 -42563  0
-42561 -42564  0
-42561 -42565  0
-42562 -42563  0
-42562 -42564  0
-42562 -42565  0
-42563 -42564  0
-42563 -42565  0
-42564 -42565  0
-43141 -43142  0
-43141 -43143  0
-43141 -43144  0
-43141 -43145  0
-43142 -43143  0
-43142 -43144  0
-43142 -43145  0
-43143 -43144  0
-43143 -43145  0
-43144 -43145  0
-43211 -43212  0
-43211 -43213  0
-43211 -43214  0
-43211 -43215  0
-43212 -43213  0
-43212 -43214  0
-43212 -43215  0
-43213 -43214  0
-43213 -43215  0
-43214 -43215  0
-43321 -43322  0
-43321 -43323  0
-43321 -43324  0
-43321 -43325  0
-43322 -43323  0
-43322 -43324  0
-43322 -43325  0
-43323 -43324  0
-43323 -43325  0
-43324 -43325  0
-43451 -43452  0
-43451 -43453  0
-43451 -43454  0
-43451 -43455  0
-43452 -43453  0
-43452 -43454  0
-43452 -43455  0
-43453 -43454  0
-43453 -43455  0
-43454 -43455  0
-43561 -43562  0
-43561 -43563  0
-43561 -43564  0
-43561 -43565  0
-43562 -43563  0
-43562 -43564  0
-43562 -43565  0
-43563 -43564  0
-43563 -43565  0
-43564 -43565  0
-44121 -44122  0
-44121 -44123  0
-44121 -44124  0
-44121 -44125  0
-44122 -44123  0
-44122 -44124  0
-44122 -44125  0
-44123 -44124  0
-44123 -44125  0
-44124 -44125  0
-44271 -44272  0
-44271 -44273  0
-44271 -44274  0
-44271 -44275  0
-44272 -44273  0
-44272 -44274  0
-44272 -44275  0
-44273 -44274  0
-44273 -44275  0
-44274 -44275  0
-44381 -44382  0
-44381 -44383  0
-44381 -44384  0
-44381 -44385  0
-44382 -44383  0
-44382 -44384  0
-44382 -44385  0
-44383 -44384  0
-44383 -44385  0
-44384 -44385  0
-44431 -44432  0
-44431 -44433  0
-44431 -44434  0
-44431 -44435  0
-44432 -44433  0
-44432 -44434  0
-44432 -44435  0
-44433 -44434  0
-44433 -44435  0
-44434 -44435  0
-44541 -44542  0
-44541 -44543  0
-44541 -44544  0
-44541 -44545  0
-44542 -44543  0
-44542 -44544  0
-44542 -44545  0
-44543 -44544  0
-44543 -44545  0
-44544 -44545  0
-45111 -45112  0
-45111 -45113  0
-45111 -45114  0
-45111 -45115  0
-45112 -45113  0
-45112 -45114  0
-45112 -45115  0
-45113 -45114  0
-45113 -45115  0
-45114 -45115  0
-45271 -45272  0
-45271 -45273  0
-45271 -45274  0
-45271 -45275  0
-45272 -45273  0
-45272 -45274  0
-45272 -45275  0
-45273 -45274  0
-45273 -45275  0
-45274 -45275  0
-45381 -45382  0
-45381 -45383  0
-45381 -45384  0
-45381 -45385  0
-45382 -45383  0
-45382 -45384  0
-45382 -45385  0
-45383 -45384  0
-45383 -45385  0
-45384 -45385  0
-45461 -45462  0
-45461 -45463  0
-45461 -45464  0
-45461 -45465  0
-45462 -45463  0
-45462 -45464  0
-45462 -45465  0
-45463 -45464  0
-45463 -45465  0
-45464 -45465  0
-45551 -45552  0
-45551 -45553  0
-45551 -45554  0
-45551 -45555  0
-45552 -45553  0
-45552 -45554  0
-45552 -45555  0
-45553 -45554  0
-45553 -45555  0
-45554 -45555  0
41136  0
42236  0
44436  0
41327  0
43327  0
44127  0
-41131 -41136  0
-41131 -41137  0
-41132 -41136  0
-41132 -41137  0
-41133 -41136  0
-41133 -41137  0
-41134 -41136  0
-41134 -41137  0
-41135 -41136  0
-41135 -41137  0
-41211 -41216  0
-41211 -41217  0
-41212 -41216  0
-41212 -41217  0
-41213 -41216  0
-41213 -41217  0
-41214 -41216  0
-41214 -41217  0
-41215 -41216  0
-41215 -41217  0
-41321 -41326  0
-41321 -41327  0
-41322 -41326  0
-41322 -41327  0
-41323 -41326  0
-41323 -41327  0
-41324 -41326  0
-41324 -41327  0
-41325 -41326  0
-41325 -41327  0
-41481 -41486  0
-41481 -41487  0
-41482 -41486  0
-41482 -41487  0
-41483 -41486  0
-41483 -41487  0
-41484 -41486  0
-41484 -41487  0
-41485 -41486  0
-41485 -41487  0
-41571 -41576  0
-41571 -41577  0
-41572 -41576  0
-41572 -41577  0
-41573 -41576  0
-41573 -41577  0
-41574 -41576  0
-41574 -41577  0
-41575 -41576  0
-41575 -41577  0
-42111 -42116  0
-42111 -42117  0
-42112 -42116  0
-42112 -42117  0
-42113 -42116  0
-42113 -42117  0
-42114 -42116  0
-42114 -42117  0
-42115 -42116  0
-42115 -42117  0
-42231 -42236  0
-42231 -42237  0
-42232 -42236  0
-42232 -42237  0
-42233 -42236  0
-42233 -42237  0
-42234 -42236  0
-42234 -42237  0
-42235 -42236  0
-42235 -42237  0
-42341 -42346  0
-42341 -42347  0
-42342 -42346  0
-42342 -42347  0
-42343 -42346  0
-42343 -42347  0
-42344 -42346  0
-42344 -42347  0
-42345 -42346  0
-42345 -42347  0
-42451 -42456  0
-42451 -42457  0
-42452 -42456  0
-42452 -42457  0
-42453 -42456  0
-42453 -42457  0
-42454 -42456  0
-42454 -42457  0
-42455 -42456  0
-42455 -42457  0
-42561 -42566  0
-42561 -42567  0
-42562 -42566  0
-42562 -42567  0
-42563 -42566  0
-42563 -42567  0
-42564 -42566  0
-42564 -42567  0
-42565 -42566  0
-42565 -42567  0
-43141 -43146  0
-43141 -43147  0
-43142 -43146  0
-43142 -43147  0
-43143 -43146  0
-43143 -43147  0
-43144 -43146  0
-43144 -43147  0
-43145 -43146  0
-43145 -43147  0
-43211 -43216  0
-43211 -43217  0
-43212 -43216  0
-43212 -43217  0
-43213 -43216  0
-43213 -43217  0
-43214 -43216  0
-43214 -43217  0
-43215 -43216  0
-43215 -43217  0
-43321 -43326  0
-43321 -43327  0
-43322 -43326  0
-43322 -43327  0
-43323 -43326  0
-43323 -43327  0
-43324 -43326  0
-43324 -43327  0
-43325 -43326  0
-43325 -43327  0
-43451 -43456  0
-43451 -43457  0
-43452 -43456  0
-43452 -43457  0
-43453 -43456  0
-43453 -43457  0
-43454 -43456  0
-43454 -43457  0
-43455 -43456  0
-43455 -43457  0
-43561 -43566  0
-43561 -43567  0
-43562 -43566  0
-43562 -43567  0
-43563 -43566  0
-43563 -43567  0
-43564 -43566  0
-43564 -43567  0
-43565 -43566  0
-43565 -43567  0
-44121 -44126  0
-44121 -44127  0
-44122 -44126  0
-44122 -44127  0
-44123 -44126  0
-44123 -44127  0
-44124 -44126  0
-44124 -44127  0
-44125 -44126  0
-44125 -44127  0
-44271 -44276  0
-44271 -44277  0
-44272 -44276  0
-44272 -44277  0
-44273 -44276  0
-44273 -44277  0
-44274 -44276  0
-44274 -44277  0
-44275 -44276  0
-44275 -44277  0
-44381 -44386  0
-44381 -44387  0
-44382 -44386  0
-44382 -44387  0
-44383 -44386  0
-44383 -44387  0
-44384 -44386  0
-44384 -44387  0
-44385 -44386  0
-44385 -44387  0
-44431 -44436  0
-44431 -44437  0
-44432 -44436  0
-44432 -44437  0
-44433 -44436  0
-44433 -44437  0
-44434 -44436  0
-44434 -44437  0
-44435 -44436  0
-44435 -44437  0
-44541 -44546  0
-44541 -44547  0
-44542 -44546  0
-44542 -44547  0
-44543 -44546  0
-44543 -44547  0
-44544 -44546  0
-44544 -44547  0
-44545 -44546  0
-44545 -44547  0
-45111 -45116  0
-45111 -45117  0
-45112 -45116  0
-45112 -45117  0
-45113 -45116  0
-45113 -45117  0
-45114 -45116  0
-45114 -45117  0
-45115 -45116  0
-45115 -45117  0
-45271 -45276  0
-45271 -45277  0
-45272 -45276  0
-45272 -45277  0
-45273 -45276  0
-45273 -45277  0
-45274 -45276  0
-45274 -45277  0
-45275 -45276  0
-45275 -45277  0
-45381 -45386  0
-45381 -45387  0
-45382 -45386  0
-45382 -45387  0
-45383 -45386  0
-45383 -45387  0
-45384 -45386  0
-45384 -45387  0
-45385 -45386  0
-45385 -45387  0
-45461 -45466  0
-45461 -45467  0
-45462 -45466  0
-45462 -45467  0
-45463 -45466  0
-45463 -45467  0
-45464 -45466  0
-45464 -45467  0
-45465 -45466  0
-45465 -45467  0
-45551 -45556  0
-45551 -45557  0
-45552 -45556  0
-45552 -45557  0
-45553 -45556  0
-45553 -45557  0
-45554 -45556  0
-45554 -45557  0
-45555 -45556  0
-45555 -45557  0
-51131 -51132  0
-51131 -51133  0
-51131 -51134  0
-51132 -51133  0
-51132 -51134  0
-51133 -51134  0
-51211 -51212  0
-51211 -51213  0
-51211 -51214  0
-51212 -51213  0
-51212 -51214  0
-51213 -51214  0
-51321 -51322  0
-51321 -51323  0
-51321 -51324  0
-51322 -51323  0
-51322 -51324  0
-51323 -51324  0
-51481 -51482  0
-51481 -51483  0
-51481 -51484  0
-51482 -51483  0
-51482 -51484  0
-51483 -51484  0
-51571 -51572  0
-51571 -51573  0
-51571 -51574  0
-51572 -51573  0
-51572 -51574  0
-51573 -51574  0
-52111 -52112  0
-52111 -52113  0
-52111 -52114  0
-52112 -52113  0
-52112 -52114  0
-52113 -52114  0
-52231 -52232  0
-52231 -52233  0
-52231 -52234  0
-52232 -52233  0
-52232 -52234  0
-52233 -52234  0
-52341 -52342  0
-52341 -52343  0
-52341 -52344  0
-52342 -52343  0
-52342 -52344  0
-52343 -52344  0
-52451 -52452  0
-52451 -52453  0
-52451 -52454  0
-52452 -52453  0
-52452 -52454  0
-52453 -52454  0
-52561 -52562  0
-52561 -52563  0
-52561 -52564  0
-52562 -52563  0
-52562 -52564  0
-52563 -52564  0
-53141 -53142  0
-53141 -53143  0
-53141 -53144  0
-53142 -53143  0
-53142 -53144  0
-53143 -53144  0
-53211 -53212  0
-53211 -53213  0
-53211 -53214  0
-53212 -53213  0
-53212 -53214  0
-53213 -53214  0
-53321 -53322  0
-53321 -53323  0
-53321 -53324  0
-53322 -53323  0
-53322 -53324  0
-53323 -53324  0
-53451 -53452  0
-53451 -53453  0
-53451 -53454  0
-53452 -53453  0
-53452 -53454  0
-53453 -53454  0
-53561 -53562  0
-53561 -53563  0
-53561 -53564  0
-53562 -53563  0
-53562 -53564  0
-53563 -53564  0
-54121 -54122  0
-54121 -54123  0
-54121 -54124  0
-54122 -54123  0
-54122 -54124  0
-54123 -54124  0
-54271 -54272  0
-54271 -54273  0
-54271 -54274  0
-54272 -54273  0
-54272 -54274  0
-54273 -54274  0
-54381 -54382  0
-54381 -54383  0
-54381 -54384  0
-54382 -54383  0
-54382 -54384  0
-54383 -54384  0
-54431 -54432  0
-54431 -54433  0
-54431 -54434  0
-54432 -54433  0
-54432 -54434  0
-54433 -54434  0
-54541 -54542  0
-54541 -54543  0
-54541 -54544  0
-54542 -54543  0
-54542 -54544  0
-54543 -54544  0
-55111 -55112  0
-55111 -55113  0
-55111 -55114  0
-55112 -55113  0
-55112 -55114  0
-55113 -55114  0
-55271 -55272  0
-55271 -55273  0
-55271 -55274  0
-55272 -55273  0
-55272 -55274  0
-55273 -55274  0
-55381 -55382  0
-55381 -55383  0
-55381 -55384  0
-55382 -55383  0
-55382 -55384  0
-55383 -55384  0
-55461 -55462  0
-55461 -55463  0
-55461 -55464  0
-55462 -55463  0
-55462 -55464  0
-55463 -55464  0
-55551 -55552  0
-55551 -55553  0
-55551 -55554  0
-55552 -55553  0
-55552 -55554  0
-55553 -55554  0
51211 51321 51131 52341 52451 52561 51571 51481  0
51212 51322 51132 52342 52452 52562 51572 51482  0
51213 51323 51133 52343 52453 52563 51573 51483  0
51214 51324 51134 52344 52454 52564 51574 51484  0
51215 51325 51135 52345 52455 52565 51575 51485  0
51216 51326 51136 52346 52456 52566 51576 51486  0
51217 51327 51137 52347 52457 52567 51577 51487  0
-51211 52111  0
-51211 53211  0
-51211 55111  0
-52111 51211  0
-52111 53211  0
-52111 55111  0
-53211 51211  0
-53211 52111  0
-53211 55111  0
-55111 51211  0
-55111 52111  0
-55111 53211  0
-51212 52112  0
-51212 53212  0
-51212 55112  0
-52112 51212  0
-52112 53212  0
-52112 55112  0
-53212 51212  0
-53212 52112  0
-53212 55112  0
-55112 51212  0
-55112 52112  0
-55112 53212  0
-51213 52113  0
-51213 53213  0
-51213 55113  0
-52113 51213  0
-52113 53213  0
-52113 55113  0
-53213 51213  0
-53213 52113  0
-53213 55113  0
-55113 51213  0
-55113 52113  0
-55113 53213  0
-51214 52114  0
-51214 53214  0
-51214 55114  0
-52114 51214  0
-52114 53214  0
-52114 55114  0
-53214 51214  0
-53214 52114  0
-53214 55114  0
-55114 51214  0
-55114 52114  0
-55114 53214  0
-51215 52115  0
-51215 53215  0
-51215 55115  0
-52115 51215  0
-52115 53215  0
-52115 55115  0
-53215 51215  0
-53215 52115  0
-53215 55115  0
-55115 51215  0
-55115 52115  0
-55115 53215  0
-51216 52116  0
-51216 53216  0
-51216 55116  0
-52116 51216  0
-52116 53216  0
-52116 55116  0
-53216 51216  0
-53216 52116  0
-53216 55116  0
-55116 51216  0
-55116 52116  0
-55116 53216  0
-51217 52117  0
-51217 53217  0
-51217 55117  0
-52117 51217  0
-52117 53217  0
-52117 55117  0
-53217 51217  0
-53217 52117  0
-53217 55117  0
-55117 51217  0
-55117 52117  0
-55117 53217  0
-51321 53321  0
-51321 54121  0
-53321 51321  0
-53321 54121  0
-54121 51321  0
-54121 53321  0
-51322 53322  0
-51322 54122  0
-53322 51322  0
-53322 54122  0
-54122 51322  0
-54122 53322  0
-51323 53323  0
-51323 54123  0
-53323 51323  0
-53323 54123  0
-54123 51323  0
-54123 53323  0
-51324 53324  0
-51324 54124  0
-53324 51324  0
-53324 54124  0
-54124 51324  0
-54124 53324  0
-51325 53325  0
-51325 54125  0
-53325 51325  0
-53325 54125  0
-54125 51325  0
-54125 53325  0
-51326 53326  0
-51326 54126  0
-53326 51326  0
-53326 54126  0
-54126 51326  0
-54126 53326  0
-51327 53327  0
-51327 54127  0
-53327 51327  0
-53327 54127  0
-54127 51327  0
-54127 53327  0
-51131 52231  0
-51131 54431  0
-52231 51131  0
-52231 54431  0
-54431 51131  0
-54431 52231  0
-51132 52232  0
-51132 54432  0
-52232 51132  0
-52232 54432  0
-54432 51132  0
-54432 52232  0
-51133 52233  0
-51133 54433  0
-52233 51133  0
-52233 54433  0
-54433 51133  0
-54433 52233  0
-51134 52234  0
-51134 54434  0
-52234 51134  0
-52234 54434  0
-54434 51134  0
-54434 52234  0
-51135 52235  0
-51135 54435  0
-52235 51135  0
-52235 54435  0
-54435 51135  0
-54435 52235  0
-51136 52236  0
-51136 54436  0
-52236 51136  0
-52236 54436  0
-54436 51136  0
-54436 52236  0
-51137 52237  0
-51137 54437  0
-52237 51137  0
-52237 54437  0
-54437 51137  0
-54437 52237  0
-52341 53141  0
-52341 54541  0
-53141 52341  0
-53141 54541  0
-54541 52341  0
-54541 53141  0
-52342 53142  0
-52342 54542  0
-53142 52342  0
-53142 54542  0
-54542 52342  0
-54542 53142  0
-52343 53143  0
-52343 54543  0
-53143 52343  0
-53143 54543  0
-54543 52343  0
-54543 53143  0
-52344 53144  0
-52344 54544  0
-53144 52344  0
-53144 54544  0
-54544 52344  0
-54544 53144  0
-52345 53145  0
-52345 54545  0
-53145 52345  0
-53145 54545  0
-54545 52345  0
-54545 53145  0
-52346 53146  0
-52346 54546  0
-53146 52346  0
-53146 54546  0
-54546 52346  0
-54546 53146  0
-52347 53147  0
-52347 54547  0
-53147 52347  0
-53147 54547  0
-54547 52347  0
-54547 53147  0
-52451 53451  0
-52451 55551  0
-53451 52451  0
-53451 55551  0
-55551 52451  0
-55551 53451  0
-52452 53452  0
-52452 55552  0
-53452 52452  0
-53452 55552  0
-55552 52452  0
-55552 53452  0
-52453 53453  0
-52453 55553  0
-53453 52453  0
-53453 55553  0
-55553 52453  0
-55553 53453  0
-52454 53454  0
-52454 55554  0
-53454 52454  0
-53454 55554  0
-55554 52454  0
-55554 53454  0
-52455 53455  0
-52455 55555  0
-53455 52455  0
-53455 55555  0
-55555 52455  0
-55555 53455  0
-52456 53456  0
-52456 55556  0
-53456 52456  0
-53456 55556  0
-55556 52456  0
-55556 53456  0
-52457 53457  0
-52457 55557  0
-53457 52457  0
-53457 55557  0
-55557 52457  0
-55557 53457  0
-52561 53561  0
-52561 55461  0
-53561 52561  0
-53561 55461  0
-55461 52561  0
-55461 53561  0
-52562 53562  0
-52562 55462  0
-53562 52562  0
-53562 55462  0
-55462 52562  0
-55462 53562  0
-52563 53563  0
-52563 55463  0
-53563 52563  0
-53563 55463  0
-55463 52563  0
-55463 53563  0
-52564 53564  0
-52564 55464  0
-53564 52564  0
-53564 55464  0
-55464 52564  0
-55464 53564  0
-52565 53565  0
-52565 55465  0
-53565 52565  0
-53565 55465  0
-55465 52565  0
-55465 53565  0
-52566 53566  0
-52566 55466  0
-53566 52566  0
-53566 55466  0
-55466 52566  0
-55466 53566  0
-52567 53567  0
-52567 55467  0
-53567 52567  0
-53567 55467  0
-55467 52567  0
-55467 53567  0
-51571 54271  0
-51571 55271  0
-54271 51571  0
-54271 55271  0
-55271 51571  0
-55271 54271  0
-51572 54272  0
-51572 55272  0
-54272 51572  0
-54272 55272  0
-55272 51572  0
-55272 54272  0
-51573 54273  0
-51573 55273  0
-54273 51573  0
-54273 55273  0
-55273 51573  0
-55273 54273  0
-51574 54274  0
-51574 55274  0
-54274 51574  0
-54274 55274  0
-55274 51574  0
-55274 54274  0
-51575 54275  0
-51575 55275  0
-54275 51575  0
-54275 55275  0
-55275 51575  0
-55275 54275  0
-51576 54276  0
-51576 55276  0
-54276 51576  0
-54276 55276  0
-55276 51576  0
-55276 54276  0
-51577 54277  0
-51577 55277  0
-54277 51577  0
-54277 55277  0
-55277 51577  0
-55277 54277  0
-51481 54381  0
-51481 55381  0
-54381 51481  0
-54381 55381  0
-55381 51481  0
-55381 54381  0
-51482 54382  0
-51482 55382  0
-54382 51482  0
-54382 55382  0
-55382 51482  0
-55382 54382  0
-51483 54383  0
-51483 55383  0
-54383 51483  0
-54383 55383  0
-55383 51483  0
-55383 54383  0
-51484 54384  0
-51484 55384  0
-54384 51484  0
-54384 55384  0
-55384 51484  0
-55384 54384  0
-51485 54385  0
-51485 55385  0
-54385 51485  0
-54385 55385  0
-55385 51485  0
-55385 54385  0
-51486 54386  0
-51486 55386  0
-54386 51486  0
-54386 55386  0
-55386 51486  0
-55386 54386  0
-51487 54387  0
-51487 55387  0
-54387 51487  0
-54387 55387  0
-55387 51487  0
-55387 54387  0
-51211 -51321  0
-51211 -51131  0
-51211 -52341  0
-51211 -52451  0
-51211 -52561  0
-51211 -51571  0
-51211 -51481  0
-51321 -51131  0
-51321 -52341  0
-51321 -52451  0
-51321 -52561  0
-51321 -51571  0
-51321 -51481  0
-51131 -52341  0
-51131 -52451  0
-51131 -52561  0
-51131 -51571  0
-51131 -51481  0
-52341 -52451  0
-52341 -52561  0
-52341 -51571  0
-52341 -51481  0
-52451 -52561  0
-52451 -51571  0
-52451 -51481  0
-52561 -51571  0
-52561 -51481  0
-51571 -51481  0
-51212 -51322  0
-51212 -51132  0
-51212 -52342  0
-51212 -52452  0
-51212 -52562  0
-51212 -51572  0
-51212 -51482  0
-51322 -51132  0
-51322 -52342  0
-51322 -52452  0
-51322 -52562  0
-51322 -51572  0
-51322 -51482  0
-51132 -52342  0
-51132 -52452  0
-51132 -52562  0
-51132 -51572  0
-51132 -51482  0
-52342 -52452  0
-52342 -52562  0
-52342 -51572  0
-52342 -51482  0
-52452 -52562  0
-52452 -51572  0
-52452 -51482  0
-52562 -51572  0
-52562 -51482  0
-51572 -51482  0
-51213 -51323  0
-51213 -51133  0
-51213 -52343  0
-51213 -52453  0
-51213 -52563  0
-51213 -51573  0
-51213 -51483  0
-51323 -51133  0
-51323 -52343  0
-51323 -52453  0
-51323 -52563  0
-51323 -51573  0
-51323 -51483  0
-51133 -52343  0
-51133 -52453  0
-51133 -52563  0
-51133 -51573  0
-51133 -51483  0
-52343 -52453  0
-52343 -52563  0
-52343 -51573  0
-52343 -51483  0
-52453 -52563  0
-52453 -51573  0
-52453 -51483  0
-52563 -51573  0
-52563 -51483  0
-51573 -51483  0
-51214 -51324  0
-51214 -51134  0
-51214 -52344  0
-51214 -52454  0
-51214 -52564  0
-51214 -51574  0
-51214 -51484  0
-51324 -51134  0
-51324 -52344  0
-51324 -52454  0
-51324 -52564  0
-51324 -51574  0
-51324 -51484  0
-51134 -52344  0
-51134 -52454  0
-51134 -52564  0
-51134 -51574  0
-51134 -51484  0
-52344 -52454  0
-52344 -52564  0
-52344 -51574  0
-52344 -51484  0
-52454 -52564  0
-52454 -51574  0
-52454 -51484  0
-52564 -51574  0
-52564 -51484  0
-51574 -51484  0
-51215 -51325  0
-51215 -51135  0
-51215 -52345  0
-51215 -52455  0
-51215 -52565  0
-51215 -51575  0
-51215 -51485  0
-51325 -51135  0
-51325 -52345  0
-51325 -52455  0
-51325 -52565  0
-51325 -51575  0
-51325 -51485  0
-51135 -52345  0
-51135 -52455  0
-51135 -52565  0
-51135 -51575  0
-51135 -51485  0
-52345 -52455  0
-52345 -52565  0
-52345 -51575  0
-52345 -51485  0
-52455 -52565  0
-52455 -51575  0
-52455 -51485  0
-52565 -51575  0
-52565 -51485  0
-51575 -51485  0
-51216 -51326  0
-51216 -51136  0
-51216 -52346  0
-51216 -52456  0
-51216 -52566  0
-51216 -51576  0
-51216 -51486  0
-51326 -51136  0
-51326 -52346  0
-51326 -52456  0
-51326 -52566  0
-51326 -51576  0
-51326 -51486  0
-51136 -52346  0
-51136 -52456  0
-51136 -52566  0
-51136 -51576  0
-51136 -51486  0
-52346 -52456  0
-52346 -52566  0
-52346 -51576  0
-52346 -51486  0
-52456 -52566  0
-52456 -51576  0
-52456 -51486  0
-52566 -51576  0
-52566 -51486  0
-51576 -51486  0
-51217 -51327  0
-51217 -51137  0
-51217 -52347  0
-51217 -52457  0
-51217 -52567  0
-51217 -51577  0
-51217 -51487  0
-51327 -51137  0
-51327 -52347  0
-51327 -52457  0
-51327 -52567  0
-51327 -51577  0
-51327 -51487  0
-51137 -52347  0
-51137 -52457  0
-51137 -52567  0
-51137 -51577  0
-51137 -51487  0
-52347 -52457  0
-52347 -52567  0
-52347 -51577  0
-52347 -51487  0
-52457 -52567  0
-52457 -51577  0
-52457 -51487  0
-52567 -51577  0
-52567 -51487  0
-51577 -51487  0
-51135 -51131  0
-51135 -51132  0
-51135 -51133  0
-51135 -51134  0
-51136 -51131  0
-51136 -51132  0
-51136 -51133  0
-51136 -51134  0
-51137 -51131  0
-51137 -51132  0
-51137 -51133  0
-51137 -51134  0
-51215 -51211  0
-51215 -51212  0
-51215 -51213  0
-51215 -51214  0
-51216 -51211  0
-51216 -51212  0
-51216 -51213  0
-51216 -51214  0
-51217 -51211  0
-51217 -51212  0
-51217 -51213  0
-51217 -51214  0
-51325 -51321  0
-51325 -51322  0
-51325 -51323  0
-51325 -51324  0
-51326 -51321  0
-51326 -51322  0
-51326 -51323  0
-51326 -51324  0
-51327 -51321  0
-51327 -51322  0
-51327 -51323  0
-51327 -51324  0
-51485 -51481  0
-51485 -51482  0
-51485 -51483  0
-51485 -51484  0
-51486 -51481  0
-51486 -51482  0
-51486 -51483  0
-51486 -51484  0
-51487 -51481  0
-51487 -51482  0
-51487 -51483  0
-51487 -51484  0
-51575 -51571  0
-51575 -51572  0
-51575 -51573  0
-51575 -51574  0
-51576 -51571  0
-51576 -51572  0
-51576 -51573  0
-51576 -51574  0
-51577 -51571  0
-51577 -51572  0
-51577 -51573  0
-51577 -51574  0
-52115 -52111  0
-52115 -52112  0
-52115 -52113  0
-52115 -52114  0
-52116 -52111  0
-52116 -52112  0
-52116 -52113  0
-52116 -52114  0
-52117 -52111  0
-52117 -52112  0
-52117 -52113  0
-52117 -52114  0
-52235 -52231  0
-52235 -52232  0
-52235 -52233  0
-52235 -52234  0
-52236 -52231  0
-52236 -52232  0
-52236 -52233  0
-52236 -52234  0
-52237 -52231  0
-52237 -52232  0
-52237 -52233  0
-52237 -52234  0
-52345 -52341  0
-52345 -52342  0
-52345 -52343  0
-52345 -52344  0
-52346 -52341  0
-52346 -52342  0
-52346 -52343  0
-52346 -52344  0
-52347 -52341  0
-52347 -52342  0
-52347 -52343  0
-52347 -52344  0
-52455 -52451  0
-52455 -52452  0
-52455 -52453  0
-52455 -52454  0
-52456 -52451  0
-52456 -52452  0
-52456 -52453  0
-52456 -52454  0
-52457 -52451  0
-52457 -52452  0
-52457 -52453  0
-52457 -52454  0
-52565 -52561  0
-52565 -52562  0
-52565 -52563  0
-52565 -52564  0
-52566 -52561  0
-52566 -52562  0
-52566 -52563  0
-52566 -52564  0
-52567 -52561  0
-52567 -52562  0
-52567 -52563  0
-52567 -52564  0
-53145 -53141  0
-53145 -53142  0
-53145 -53143  0
-53145 -53144  0
-53146 -53141  0
-53146 -53142  0
-53146 -53143  0
-53146 -53144  0
-53147 -53141  0
-53147 -53142  0
-53147 -53143  0
-53147 -53144  0
-53215 -53211  0
-53215 -53212  0
-53215 -53213  0
-53215 -53214  0
-53216 -53211  0
-53216 -53212  0
-53216 -53213  0
-53216 -53214  0
-53217 -53211  0
-53217 -53212  0
-53217 -53213  0
-53217 -53214  0
-53325 -53321  0
-53325 -53322  0
-53325 -53323  0
-53325 -53324  0
-53326 -53321  0
-53326 -53322  0
-53326 -53323  0
-53326 -53324  0
-53327 -53321  0
-53327 -53322  0
-53327 -53323  0
-53327 -53324  0
-53455 -53451  0
-53455 -53452  0
-53455 -53453  0
-53455 -53454  0
-53456 -53451  0
-53456 -53452  0
-53456 -53453  0
-53456 -53454  0
-53457 -53451  0
-53457 -53452  0
-53457 -53453  0
-53457 -53454  0
-53565 -53561  0
-53565 -53562  0
-53565 -53563  0
-53565 -53564  0
-53566 -53561  0
-53566 -53562  0
-53566 -53563  0
-53566 -53564  0
-53567 -53561  0
-53567 -53562  0
-53567 -53563  0
-53567 -53564  0
-54125 -54121  0
-54125 -54122  0
-54125 -54123  0
-54125 -54124  0
-54126 -54121  0
-54126 -54122  0
-54126 -54123  0
-54126 -54124  0
-54127 -54121  0
-54127 -54122  0
-54127 -54123  0
-54127 -54124  0
-54275 -54271  0
-54275 -54272  0
-54275 -54273  0
-54275 -54274  0
-54276 -54271  0
-54276 -54272  0
-54276 -54273  0
-54276 -54274  0
-54277 -54271  0
-54277 -54272  0
-54277 -54273  0
-54277 -54274  0
-54385 -54381  0
-54385 -54382  0
-54385 -54383  0
-54385 -54384  0
-54386 -54381  0
-54386 -54382  0
-54386 -54383  0
-54386 -54384  0
-54387 -54381  0
-54387 -54382  0
-54387 -54383  0
-54387 -54384  0
-54435 -54431  0
-54435 -54432  0
-54435 -54433  0
-54435 -54434  0
-54436 -54431  0
-54436 -54432  0
-54436 -54433  0
-54436 -54434  0
-54437 -54431  0
-54437 -54432  0
-54437 -54433  0
-54437 -54434  0
-54545 -54541  0
-54545 -54542  0
-54545 -54543  0
-54545 -54544  0
-54546 -54541  0
-54546 -54542  0
-54546 -54543  0
-54546 -54544  0
-54547 -54541  0
-54547 -54542  0
-54547 -54543  0
-54547 -54544  0
-55115 -55111  0
-55115 -55112  0
-55115 -55113  0
-55115 -55114  0
-55116 -55111  0
-55116 -55112  0
-55116 -55113  0
-55116 -55114  0
-55117 -55111  0
-55117 -55112  0
-55117 -55113  0
-55117 -55114  0
-55275 -55271  0
-55275 -55272  0
-55275 -55273  0
-55275 -55274  0
-55276 -55271  0
-55276 -55272  0
-55276 -55273  0
-55276 -55274  0
-55277 -55271  0
-55277 -55272  0
-55277 -55273  0
-55277 -55274  0
-55385 -55381  0
-55385 -55382  0
-55385 -55383  0
-55385 -55384  0
-55386 -55381  0
-55386 -55382  0
-55386 -55383  0
-55386 -55384  0
-55387 -55381  0
-55387 -55382  0
-55387 -55383  0
-55387 -55384  0
-55465 -55461  0
-55465 -55462  0
-55465 -55463  0
-55465 -55464  0
-55466 -55461  0
-55466 -55462  0
-55466 -55463  0
-55466 -55464  0
-55467 -55461  0
-55467 -55462  0
-55467 -55463  0
-55467 -55464  0
-55555 -55551  0
-55555 -55552  0
-55555 -55553  0
-55555 -55554  0
-55556 -55551  0
-55556 -55552  0
-55556 -55553  0
-55556 -55554  0
-55557 -55551  0
-55557 -55552  0
-55557 -55553  0
-55557 -55554  0
-51135 -51136  0
-51135 -51137  0
-51136 -51137  0
-51215 -51216  0
-51215 -51217  0
-51216 -51217  0
-51325 -51326  0
-51325 -51327  0
-51326 -51327  0
-51485 -51486  0
-51485 -51487  0
-51486 -51487  0
-51575 -51576  0
-51575 -51577  0
-51576 -51577  0
-52115 -52116  0
-52115 -52117  0
-52116 -52117  0
-52235 -52236  0
-52235 -52237  0
-52236 -52237  0
-52345 -52346  0
-52345 -52347  0
-52346 -52347  0
-52455 -52456  0
-52455 -52457  0
-52456 -52457  0
-52565 -52566  0
-52565 -52567  0
-52566 -52567  0
-53145 -53146  0
-53145 -53147  0
-53146 -53147  0
-53215 -53216  0
-53215 -53217  0
-53216 -53217  0
-53325 -53326  0
-53325 -53327  0
-53326 -53327  0
-53455 -53456  0
-53455 -53457  0
-53456 -53457  0
-53565 -53566  0
-53565 -53567  0
-53566 -53567  0
-54125 -54126  0
-54125 -54127  0
-54126 -54127  0
-54275 -54276  0
-54275 -54277  0
-54276 -54277  0
-54385 -54386  0
-54385 -54387  0
-54386 -54387  0
-54435 -54436  0
-54435 -54437  0
-54436 -54437  0
-54545 -54546  0
-54545 -54547  0
-54546 -54547  0
-55115 -55116  0
-55115 -55117  0
-55116 -55117  0
-55275 -55276  0
-55275 -55277  0
-55276 -55277  0
-55385 -55386  0
-55385 -55387  0
-55386 -55387  0
-55465 -55466  0
-55465 -55467  0
-55466 -55467  0
-55555 -55556  0
-55555 -55557  0
-55556 -55557  0
-31133 -41134  0
-31133 -41214  0
-31213 -41214  0
-31213 -41324  0
-31323 -41324  0
-31323 -41484  0
-31483 -41484  0
-31483 -41574  0
-31573 -41574  0
-32113 -42114  0
-32113 -42234  0
-32233 -42234  0
-32233 -42344  0
-32343 -42344  0
-32343 -42454  0
-32453 -42454  0
-32453 -42564  0
-32563 -42564  0
-33143 -43144  0
-33143 -43214  0
-33213 -43214  0
-33213 -43324  0
-33323 -43324  0
-33323 -43454  0
-33453 -43454  0
-33453 -43564  0
-33563 -43564  0
-34123 -44124  0
-34123 -44274  0
-34273 -44274  0
-34273 -44384  0
-34383 -44384  0
-34383 -44434  0
-34433 -44434  0
-34433 -44544  0
-34543 -44544  0
-35113 -45114  0
-35113 -45274  0
-35273 -45274  0
-35273 -45384  0
-35383 -45384  0
-35383 -45464  0
-35463 -45464  0
-35463 -45554  0
-35553 -45554  0
-31137 -41135  0
-31137 -41215  0
-31217 -41215  0
-31217 -41325  0
-31327 -41325  0
-31327 -41485  0
-31487 -41485  0
-31487 -41575  0
-31577 -41575  0
-32117 -42115  0
-32117 -42235  0
-32237 -42235  0
-32237 -42345  0
-32347 -42345  0
-32347 -42455  0
-32457 -42455  0
-32457 -42565  0
-32567 -42565  0
-33147 -43145  0
-33147 -43215  0
-33217 -43215  0
-33217 -43325  0
-33327 -43325  0
-33327 -43455  0
-33457 -43455  0
-33457 -43565  0
-33567 -43565  0
-34127 -44125  0
-34127 -44275  0
-34277 -44275  0
-34277 -44385  0
-34387 -44385  0
-34387 -44435  0
-34437 -44435  0
-34437 -44545  0
-34547 -44545  0
-35117 -45115  0
-35117 -45275  0
-35277 -45275  0
-35277 -45385  0
-35387 -45385  0
-35387 -45465  0
-35467 -45465  0
-35467 -45555  0
-35557 -45555  0
-21212 -31211  0
-22112 -32111  0
-23212 -33211  0
-25112 -35111  0
-21212 -31212  0
-22112 -32112  0
-23212 -33212  0
-25112 -35112  0
-21212 -31213  0
-22112 -32113  0
-23212 -33213  0
-25112 -35113  0
-21212 -31214  0
-22112 -32114  0
-23212 -33214  0
-25112 -35114  0
-21213 -31211  0
-22113 -32111  0
-23213 -33211  0
-25113 -35111  0
-21213 -31212  0
-22113 -32112  0
-23213 -33212  0
-25113 -35112  0
-21213 -31213  0
-22113 -32113  0
-23213 -33213  0
-25113 -35113  0
-21213 -31214  0
-22113 -32114  0
-23213 -33214  0
-25113 -35114  0
-21322 -31321  0
-23322 -33321  0
-24122 -34121  0
-21322 -31322  0
-23322 -33322  0
-24122 -34122  0
-21322 -31323  0
-23322 -33323  0
-24122 -34123  0
-21322 -31324  0
-23322 -33324  0
-24122 -34124  0
-21323 -31321  0
-23323 -33321  0
-24123 -34121  0
-21323 -31322  0
-23323 -33322  0
-24123 -34122  0
-21323 -31323  0
-23323 -33323  0
-24123 -34123  0
-21323 -31324  0
-23323 -33324  0
-24123 -34124  0
-21132 -31131  0
-22232 -32231  0
-24432 -34431  0
-21132 -31132  0
-22232 -32232  0
-24432 -34432  0
-21132 -31133  0
-22232 -32233  0
-24432 -34433  0
-21132 -31134  0
-22232 -32234  0
-24432 -34434  0
-21133 -31131  0
-22233 -32231  0
-24433 -34431  0
-21133 -31132  0
-22233 -32232  0
-24433 -34432  0
-21133 -31133  0
-22233 -32233  0
-24433 -34433  0
-21133 -31134  0
-22233 -32234  0
-24433 -34434  0
-22342 -32341  0
-23142 -33141  0
-24542 -34541  0
-22342 -32342  0
-23142 -33142  0
-24542 -34542  0
-22342 -32343  0
-23142 -33143  0
-24542 -34543  0
-22342 -32344  0
-23142 -33144  0
-24542 -34544  0
-22343 -32341  0
-23143 -33141  0
-24543 -34541  0
-22343 -32342  0
-23143 -33142  0
-24543 -34542  0
-22343 -32343  0
-23143 -33143  0
-24543 -34543  0
-22343 -32344  0
-23143 -33144  0
-24543 -34544  0
-22452 -32451  0
-23452 -33451  0
-25552 -35551  0
-22452 -32452  0
-23452 -33452  0
-25552 -35552  0
-22452 -32453  0
-23452 -33453  0
-25552 -35553  0
-22452 -32454  0
-23452 -33454  0
-25552 -35554  0
-22453 -32451  0
-23453 -33451  0
-25553 -35551  0
-22453 -32452  0
-23453 -33452  0
-25553 -35552  0
-22453 -32453  0
-23453 -33453  0
-25553 -35553  0
-22453 -32454  0
-23453 -33454  0
-25553 -35554  0
-22562 -32561  0
-23562 -33561  0
-25462 -35461  0
-22562 -32562  0
-23562 -33562  0
-25462 -35462  0
-22562 -32563  0
-23562 -33563  0
-25462 -35463  0
-22562 -32564  0
-23562 -33564  0
-25462 -35464  0
-22563 -32561  0
-23563 -33561  0
-25463 -35461  0
-22563 -32562  0
-23563 -33562  0
-25463 -35462  0
-22563 -32563  0
-23563 -33563  0
-25463 -35463  0
-22563 -32564  0
-23563 -33564  0
-25463 -35464  0
-21572 -31571  0
-24272 -34271  0
-25272 -35271  0
-21572 -31572  0
-24272 -34272  0
-25272 -35272  0
-21572 -31573  0
-24272 -34273  0
-25272 -35273  0
-21572 -31574  0
-24272 -34274  0
-25272 -35274  0
-21573 -31571  0
-24273 -34271  0
-25273 -35271  0
-21573 -31572  0
-24273 -34272  0
-25273 -35272  0
-21573 -31573  0
-24273 -34273  0
-25273 -35273  0
-21573 -31574  0
-24273 -34274  0
-25273 -35274  0
-21482 -31481  0
-24382 -34381  0
-25382 -35381  0
-21482 -31482  0
-24382 -34382  0
-25382 -35382  0
-21482 -31483  0
-24382 -34383  0
-25382 -35383  0
-21482 -31484  0
-24382 -34384  0
-25382 -35384  0
-21483 -31481  0
-24383 -34381  0
-25383 -35381  0
-21483 -31482  0
-24383 -34382  0
-25383 -35382  0
-21483 -31483  0
-24383 -34383  0
-25383 -35383  0
-21483 -31484  0
-24383 -34384  0
-25383 -35384  0
-31323  0
-33323  0
-34123  0
-41324  0
-43324  0
-44124  0
-31134  0
-32234  0
-34434  0
-22454  0
-23454  0
-25554  0
-31483  0
-31213  0
-33453  0
-33213  0
-34273  0
-41484  0
-41214  0
-43454  0
-43214  0
-44274  0
-31214  0
-32344  0
-32114  0
-34544  0
-34384  0
-22564  0
-22344  0
-23564  0
-23324  0
-25464  0
